# File generated by CMD 3.0 (http://stev.oapd.inaf.it/cmd) on Wed Jun 27 01:24:13 CEST 2018
# isochrones PARSEC release v1.2S + COLIBRI release PR16, as in Marigo et al. 2017
# Basic reference: Marigo et al. (2017), ApJ, 835, 77
# Photometric system: Gaia DR2 + Tycho2 + 2MASS (all Vegamags)
# O-rich circumstellar dust ignored
# C-rich circumstellar dust ignored
# Kind of output: isochrone tables
# Zini Age Mini  Mass   logL    logTe  logg  label   McoreTP C_O  period0 period1 pmode  Mloss  tau1m   X   Y   Xc  Xn  Xo  Cexcess  Z 	 mbolmag  Gmag    G_BPmag  G_RPmag  B_Tmag  V_Tmag  Jmag    Hmag    Ksmag
0.00270 5.00e+09 0.0900000036    0.090 -3.280  3.4257  5.327    1  0.000  0.545     0.00     0.00 -1  4.77e-17      0.00 7.426e-01 2.546e-01 5.159e-04 1.392e-04 1.262e-03 -1.000 2.869e-03 12.970 14.503 17.037 13.193 19.457 17.008 10.861 10.322 10.055
0.00270 5.00e+09 0.0931309536    0.093 -3.209  3.4357  5.311    1  0.000  0.545     0.00     0.00 -1  5.64e-17      0.00 7.425e-01 2.547e-01 5.159e-04 1.392e-04 1.262e-03 -1.000 2.869e-03 12.792 14.194 16.606 12.903 19.136 16.583 10.714 10.181 9.960
0.00270 5.00e+09 0.0995365232    0.100 -3.070  3.4551  5.278    1  0.000  0.545     0.00     0.00 -1   7.8e-17      0.00 7.422e-01 2.549e-01 5.159e-04 1.392e-04 1.262e-03 -1.000 2.869e-03 12.445 13.613 15.759 12.367 18.508 15.743 10.435 9.895 9.742
0.00270 5.00e+09 0.1107557863    0.111 -2.907  3.4749  5.241    1  0.000  0.545     0.00     0.00 -1  1.12e-16      0.00 7.418e-01 2.554e-01 5.159e-04 1.392e-04 1.262e-03 -1.000 2.869e-03 12.038 13.066 14.874 11.875 17.401 14.842 10.091 9.527 9.348
0.00270 5.00e+09 0.1186095625    0.118 -2.803  3.4876  5.217    1  0.000  0.545     0.00     0.00 -1  1.42e-16      0.00 7.415e-01 2.556e-01 5.159e-04 1.392e-04 1.262e-03 -1.000 2.869e-03 11.776 12.717 14.336 11.566 16.715 14.298 9.868 9.296 9.100
0.00270 5.00e+09 0.1376825869    0.137 -2.619  3.5066  5.174    1  0.000  0.545     0.00     0.00 -1  2.11e-16      0.00 7.409e-01 2.562e-01 5.159e-04 1.392e-04 1.262e-03 -1.000 2.869e-03 11.318 12.129 13.518 11.038 15.695 13.477 9.465 8.887 8.675
0.00270 5.00e+09 0.1567556262    0.157 -2.480  3.5192  5.141    1  0.000  0.545     0.00     0.00 -1  2.83e-16      0.00 7.404e-01 2.567e-01 5.159e-04 1.392e-04 1.262e-03 -1.000 2.869e-03 10.969 11.697 12.964 10.645 15.017 12.922 9.150 8.573 8.355
0.00270 5.00e+09 0.1949017048    0.194 -2.270  3.5354  5.090    1  0.000  0.545     0.00     0.00 -1  4.37e-16      0.00 7.396e-01 2.575e-01 5.159e-04 1.392e-04 1.262e-03 -1.000 2.869e-03 10.445 11.071 12.208 10.065 14.114 12.167 8.667 8.094 7.872
0.00270 5.00e+09 0.2425843179    0.242 -2.071  3.5482  5.038    1  0.000  0.545     0.00     0.00 -1  6.56e-16      0.00 7.389e-01 2.582e-01 5.159e-04 1.392e-04 1.262e-03 -1.000 2.869e-03 9.948 10.500 11.552 9.527 13.352 11.512 8.202 7.633 7.410
0.00270 5.00e+09 0.2902669311    0.289 -1.911  3.5574  4.993    1  0.000  0.545     0.00     0.00 -1         0      0.00 7.386e-01 2.585e-01 5.159e-04 1.392e-04 1.262e-03 -1.000 2.869e-03 9.548 10.050 11.048 9.101 12.779 11.008 7.825 7.259 7.035
0.00270 5.00e+09 0.2990179956    0.298 -1.884  3.5589  4.984    1  0.000  0.545     0.00     0.00 -1  9.67e-16      0.00 7.394e-01 2.578e-01 5.159e-04 1.392e-04 1.262e-03 -1.000 2.869e-03 9.480 9.974 10.965 9.028 12.687 10.925 7.760 7.195 6.971
0.00270 5.00e+09 0.3379494548    0.337 -1.771  3.5649  4.948    1  0.000  0.545     0.00     0.00 -1  1.23e-15      0.00 7.423e-01 2.549e-01 5.159e-04 1.392e-04 1.262e-03 -1.000 2.869e-03 9.196 9.661 10.622 8.730 12.307 10.582 7.493 6.928 6.705
0.00270 5.00e+09 0.3856320977    0.385 -1.627  3.5747  4.901    1  0.000  0.545     0.00     0.00 -1  1.69e-15      0.00 7.432e-01 2.539e-01 5.159e-04 1.392e-04 1.262e-03 -1.000 2.869e-03 8.838 9.260 10.181 8.346 11.798 10.143 7.148 6.587 6.373
0.00270 5.00e+09 0.4333147109    0.433 -1.472  3.5876  4.848    1  0.000  0.545     0.00     0.00 -1  2.43e-15      0.00 7.433e-01 2.538e-01 5.159e-04 1.392e-04 1.262e-03 -1.000 2.869e-03 8.450 8.813 9.682 7.925 11.175 9.648 6.769 6.207 6.020
0.00270 5.00e+09 0.4809972644    0.480 -1.302  3.6056  4.796    1  0.000  0.545     0.00     0.00 -1  3.62e-15      0.00 7.433e-01 2.538e-01 5.159e-04 1.392e-04 1.262e-03 -1.000 2.869e-03 8.025 8.294 9.049 7.466 10.343 9.006 6.403 5.805 5.657
0.00270 5.00e+09 0.5286798477    0.528 -1.119  3.6304  4.753    1  0.000  0.545     0.00     0.00 -1  5.53e-15      0.00 7.518e-01 2.455e-01 4.965e-04 1.340e-04 1.215e-03 -1.000 2.765e-03 7.567 7.772 8.434 7.004 9.606 8.373 6.015 5.394 5.269
0.00270 5.00e+09 0.5763624907    0.576 -0.936  3.6594  4.724    1  0.000  0.545     0.00     0.00 -1  8.33e-15      0.00 7.591e-01 2.382e-01 4.862e-04 1.312e-04 1.190e-03 -1.000 2.679e-03 7.110 7.224 7.781 6.530 8.802 7.703 5.637 5.051 4.953
0.00270 5.00e+09 0.6240450144    0.624 -0.764  3.6878  4.700    1  0.000  0.544     0.00     0.00 -1  1.22e-14      0.00 7.616e-01 2.357e-01 4.820e-04 1.301e-04 1.180e-03 -1.000 2.695e-03 6.679 6.710 7.182 6.082 8.068 7.093 5.294 4.785 4.705
0.00270 5.00e+09 0.6375948191    0.637 -0.716  3.6955  4.692    1  0.000  0.544     0.00     0.00 -1  1.36e-14      0.00 7.625e-01 2.348e-01 4.807e-04 1.298e-04 1.177e-03 -1.000 2.690e-03 6.560 6.571 7.023 5.961 7.873 6.933 5.201 4.715 4.639
0.00270 5.00e+09 0.6717276573    0.671 -0.599  3.7145  4.674    1  0.000  0.544     0.00     0.00 -1  1.78e-14      0.00 7.648e-01 2.325e-01 4.773e-04 1.289e-04 1.169e-03 -1.000 2.653e-03 6.268 6.242 6.648 5.672 7.410 6.562 4.979 4.544 4.479
0.00270 5.00e+09 0.6949314475    0.695 -0.522  3.7267  4.660    1  0.000  0.543     0.00     0.00 -1  2.12e-14      0.00 7.666e-01 2.307e-01 4.724e-04 1.280e-04 1.162e-03 -1.000 2.688e-03 6.074 6.031 6.408 5.486 7.111 6.328 4.835 4.431 4.372
0.00270 5.00e+09 0.7185997367    0.718 -0.444  3.7388  4.646    1  0.000  0.541     0.00     0.00 -1  2.53e-14      0.00 7.686e-01 2.288e-01 4.674e-04 1.271e-04 1.155e-03 -1.000 2.633e-03 5.881 5.825 6.175 5.305 6.819 6.102 4.692 4.316 4.263
0.00270 5.00e+09 0.7203813791    0.720 -0.438  3.7397  4.644    1  0.000  0.541     0.00     0.00 -1  2.57e-14      0.00 7.688e-01 2.286e-01 4.670e-04 1.270e-04 1.154e-03 -1.000 2.634e-03 5.866 5.810 6.158 5.291 6.798 6.086 4.682 4.308 4.255
0.00270 5.00e+09 0.7403240800    0.740 -0.374  3.7489  4.629    1  0.000  0.539     0.00     0.00 -1  2.99e-14      0.00 7.708e-01 2.266e-01 4.625e-04 1.261e-04 1.146e-03 -1.000 2.621e-03 5.706 5.644 5.973 5.145 6.569 5.907 4.563 4.209 4.161
0.00270 5.00e+09 0.7683899999    0.768 -0.285  3.7614  4.606    1  0.000  0.537     0.00     0.00 -1  3.69e-14      0.00 7.740e-01 2.235e-01 4.559e-04 1.246e-04 1.133e-03 -1.000 2.544e-03 5.483 5.418 5.720 4.944 6.259 5.663 4.398 4.070 4.028
0.00270 5.00e+09 0.7690351009    0.768 -0.283  3.7617  4.606    1  0.000  0.537     0.00     0.00 -1  3.71e-14      0.00 7.740e-01 2.234e-01 4.558e-04 1.246e-04 1.133e-03 -1.000 2.541e-03 5.478 5.412 5.714 4.939 6.252 5.658 4.394 4.067 4.025
0.00270 5.00e+09 0.7713888288    0.771 -0.276  3.7626  4.603    1  0.000  0.537     0.00     0.00 -1  3.78e-14      0.00 7.744e-01 2.230e-01 4.551e-04 1.244e-04 1.131e-03 -1.000 2.535e-03 5.460 5.394 5.694 4.923 6.228 5.638 4.380 4.054 4.012
0.00270 5.00e+09 0.7924724221    0.792 -0.209  3.7703  4.579    1  0.000  0.536     0.00     0.00 -1  4.46e-14      0.00 7.780e-01 2.195e-01 4.491e-04 1.228e-04 1.116e-03 -1.000 2.514e-03 5.294 5.227 5.511 4.772 6.011 5.461 4.251 3.940 3.902
0.00270 5.00e+09 0.8116157651    0.811 -0.149  3.7771  4.557    1  0.000  0.536     0.00     0.00 -1   5.2e-14      0.00 7.815e-01 2.160e-01 4.431e-04 1.212e-04 1.102e-03 -1.000 2.501e-03 5.144 5.077 5.348 4.636 5.819 5.303 4.134 3.836 3.801
0.00270 5.00e+09 0.8176888227    0.817 -0.131  3.7791  4.549    1  0.000  0.536     0.00     0.00 -1  5.45e-14      0.00 7.827e-01 2.148e-01 4.411e-04 1.206e-04 1.097e-03 -1.000 2.491e-03 5.096 5.030 5.296 4.593 5.759 5.253 4.096 3.803 3.769
0.00270 5.00e+09 0.8184081316    0.818 -0.128  3.7793  4.548    1  0.000  0.536     0.00     0.00 -1  5.49e-14      0.00 7.829e-01 2.146e-01 4.407e-04 1.206e-04 1.097e-03 -1.000 2.490e-03 5.091 5.024 5.290 4.588 5.752 5.247 4.092 3.799 3.765
0.00270 5.00e+09 0.8387233615    0.838 -0.065  3.7855  4.520    1  0.000  0.535     0.00     0.00 -1  6.48e-14      0.00 7.888e-01 2.088e-01 4.309e-04 1.179e-04 1.073e-03 -1.000 2.448e-03 4.932 4.866 5.121 4.443 5.560 5.082 3.963 3.682 3.650
0.00270 5.00e+09 0.8573086262    0.856 -0.006  3.7908  4.492    1  0.000  0.535     0.00     0.00 -1  7.57e-14      0.00 7.947e-01 2.029e-01 4.211e-04 1.153e-04 1.049e-03 -1.000 2.370e-03 4.786 4.722 4.967 4.310 5.385 4.931 3.844 3.573 3.543
0.00270 5.00e+09 0.8663424253    0.865  0.022  3.7933  4.478    1  0.000  0.535     0.00     0.00 -1  8.18e-14      0.00 7.977e-01 1.999e-01 4.160e-04 1.139e-04 1.037e-03 -1.000 2.347e-03 4.715 4.651 4.891 4.244 5.300 4.857 3.785 3.519 3.490
0.00270 5.00e+09 0.8705362082    0.869  0.035  3.7945  4.472    1  0.000  0.535     0.00     0.00 -1  8.47e-14      0.00 7.987e-01 1.990e-01 4.147e-04 1.136e-04 1.034e-03 -1.000 2.339e-03 4.682 4.618 4.856 4.214 5.261 4.823 3.757 3.494 3.466
0.00270 5.00e+09 0.8841590881    0.883  0.079  3.7981  4.450    1  0.000  0.534     0.00     0.00 -1  9.51e-14      0.00 8.015e-01 1.962e-01 4.108e-04 1.126e-04 1.025e-03 -1.000 2.337e-03 4.574 4.511 4.743 4.114 5.136 4.711 3.668 3.411 3.385
0.00270 5.00e+09 0.8973846436    0.896  0.121  3.8015  4.427    1  0.000  0.534     0.00     0.00 -1  1.07e-13      0.00 8.040e-01 1.937e-01 4.077e-04 1.118e-04 1.018e-03 -1.000 2.317e-03 4.467 4.405 4.631 4.016 5.013 4.602 3.579 3.329 3.303
0.00270 5.00e+09 0.9149961472    0.914  0.179  3.8060  4.396    1  0.000  0.533     0.00     0.00 -1  1.25e-13      0.00 8.070e-01 1.907e-01 4.046e-04 1.110e-04 1.012e-03 -1.000 2.294e-03 4.324 4.261 4.481 3.882 4.847 4.453 3.457 3.217 3.192
0.00270 5.00e+09 0.9206856489    0.919  0.197  3.8074  4.386    1  0.000  0.533     0.00     0.00 -1  1.32e-13      0.00 8.070e-01 1.907e-01 4.051e-04 1.111e-04 1.013e-03 -1.000 2.299e-03 4.277 4.215 4.432 3.839 4.793 4.405 3.418 3.181 3.157
0.00270 5.00e+09 0.9411937594    0.940  0.266  3.8126  4.347    1  0.000  0.533     0.00     0.00 -1   1.6e-13      0.00 8.071e-01 1.906e-01 4.073e-04 1.117e-04 1.019e-03 -1.000 2.321e-03 4.104 4.043 4.251 3.678 4.597 4.226 3.271 3.045 3.022
0.00270 5.00e+09 0.9593148232    0.958  0.329  3.8169  4.310    1  0.000  0.532     0.00     0.00 -1  1.91e-13      0.00 8.069e-01 1.908e-01 4.094e-04 1.124e-04 1.025e-03 -1.000 2.316e-03 3.947 3.886 4.087 3.531 4.419 4.064 3.135 2.919 2.896
0.00270 5.00e+09 0.9636498690    0.962  0.344  3.8179  4.301    1  0.000  0.532     0.00     0.00 -1  1.99e-13      0.00 8.069e-01 1.908e-01 4.100e-04 1.126e-04 1.026e-03 -1.000 2.315e-03 3.909 3.848 4.048 3.495 4.377 4.025 3.102 2.888 2.865
0.00270 5.00e+09 0.9644871950    0.963  0.347  3.8181  4.299    1  0.000  0.532     0.00     0.00 -1  2.01e-13      0.00 8.069e-01 1.908e-01 4.099e-04 1.125e-04 1.026e-03 -1.000 2.314e-03 3.902 3.841 4.040 3.488 4.369 4.017 3.096 2.882 2.859
0.00270 5.00e+09 0.9784832597    0.977  0.396  3.8211  4.268    1  0.000  0.532     0.00     0.00 -1  2.29e-13      0.00 8.069e-01 1.908e-01 4.100e-04 1.126e-04 1.027e-03 -1.000 2.322e-03 3.780 3.718 3.913 3.373 4.232 3.891 2.989 2.782 2.760
0.00270 5.00e+09 0.9917538166    0.990  0.443  3.8235  4.237    1  0.000  0.532     0.00     0.00 -1   2.6e-13      0.00 8.068e-01 1.909e-01 4.103e-04 1.126e-04 1.027e-03 -1.000 2.337e-03 3.664 3.601 3.792 3.262 4.104 3.771 2.885 2.683 2.661
0.00270 5.00e+09 1.0029151440    1.001  0.484  3.8253  4.208    1  0.000  0.532     0.00     0.00 -1  2.92e-13      0.00 8.065e-01 1.911e-01 4.108e-04 1.128e-04 1.029e-03 -1.000 2.336e-03 3.561 3.498 3.686 3.163 3.993 3.665 2.791 2.593 2.571
0.00270 5.00e+09 1.0120635033    1.011  0.519  3.8265  4.181    1  0.000  0.532     0.00     0.00 -1  3.24e-13      0.00 8.053e-01 1.924e-01 4.129e-04 1.134e-04 1.034e-03 -1.000 2.346e-03 3.471 3.408 3.594 3.076 3.897 3.573 2.707 2.513 2.491
0.00270 5.00e+09 1.0123035908    1.011  0.520  3.8265  4.180    1  0.000  0.532     0.00     0.00 -1  3.25e-13      0.00 8.052e-01 1.924e-01 4.130e-04 1.134e-04 1.034e-03 -1.000 2.346e-03 3.469 3.405 3.591 3.073 3.894 3.571 2.705 2.510 2.489
0.00270 5.00e+09 1.0230410099    1.021  0.564  3.8279  4.146    1  0.000  0.532     0.00     0.00 -1  3.67e-13      0.00 8.032e-01 1.945e-01 4.163e-04 1.143e-04 1.042e-03 -1.000 2.356e-03 3.359 3.294 3.478 2.966 3.776 3.458 2.602 2.410 2.389
0.00270 5.00e+09 1.0238021612    1.022  0.568  3.8280  4.144    1  0.000  0.533     0.00     0.00 -1   3.7e-13      0.00 8.030e-01 1.946e-01 4.165e-04 1.143e-04 1.043e-03 -1.000 2.358e-03 3.351 3.286 3.470 2.958 3.768 3.450 2.594 2.403 2.381
0.00270 5.00e+09 1.0334215164    1.032  0.611  3.8282  4.106    1  0.000  0.533     0.00     0.00 -1  4.19e-13      0.00 8.011e-01 1.965e-01 4.195e-04 1.151e-04 1.050e-03 -1.000 2.373e-03 3.243 3.178 3.360 2.851 3.656 3.340 2.488 2.298 2.276
0.00270 5.00e+09 1.0407109261    1.039  0.646  3.8275  4.071    1  0.000  0.533     0.00     0.00 -1  4.67e-13      0.00 7.997e-01 1.979e-01 4.217e-04 1.157e-04 1.055e-03 -1.000 2.385e-03 3.156 3.089 3.273 2.761 3.569 3.252 2.396 2.206 2.184
0.00270 5.00e+09 1.0481276512    1.046  0.683  3.8257  4.029    1  0.000  0.533     0.00     0.00 -1  5.28e-13      0.00 7.983e-01 1.993e-01 4.239e-04 1.163e-04 1.060e-03 -1.000 2.397e-03 3.061 2.993 3.179 2.662 3.479 3.158 2.292 2.098 2.076
0.00270 5.00e+09 1.0496767759    1.048  0.692  3.8252  4.019    1  0.000  0.533     0.00     0.00 -1  5.43e-13      0.00 7.980e-01 1.996e-01 4.244e-04 1.164e-04 1.061e-03 -1.000 2.399e-03 3.041 2.973 3.159 2.640 3.460 3.138 2.269 2.074 2.052
0.00270 5.00e+09 1.0513581038    1.049  0.700  3.8245  4.008    2  0.000  0.533     0.00     0.00 -1  5.62e-13      0.00 7.977e-01 1.999e-01 4.249e-04 1.166e-04 1.062e-03 -1.000 2.402e-03 3.019 2.950 3.138 2.616 3.440 3.116 2.244 2.047 2.024
0.00270 5.00e+09 1.0584712029    1.056  0.740  3.8197  3.953    2  0.000  0.533     0.00     0.00 -1  6.45e-13      0.00 7.963e-01 2.012e-01 4.270e-04 1.171e-04 1.068e-03 -1.000 2.413e-03 2.921 2.850 3.045 2.506 3.358 3.021 2.121 1.915 1.891
0.00270 5.00e+09 1.0609571934    1.059  0.754  3.8176  3.932    2  0.000  0.533     0.00     0.00 -1  6.78e-13      0.00 7.959e-01 2.017e-01 4.278e-04 1.173e-04 1.069e-03 -1.000 2.417e-03 2.886 2.814 3.012 2.466 3.330 2.987 2.075 1.866 1.841
0.00270 5.00e+09 1.0613765717    1.059  0.756  3.8173  3.928    2  0.000  0.533     0.00     0.00 -1  6.84e-13      0.00 7.958e-01 2.018e-01 4.279e-04 1.173e-04 1.069e-03 -1.000 2.418e-03 2.879 2.808 3.006 2.459 3.325 2.981 2.067 1.857 1.833
0.00270 5.00e+09 1.0651702881    1.063  0.779  3.8129  3.889    2  0.000  0.533     0.00     0.00 -1  7.49e-13      0.00 7.953e-01 2.022e-01 4.286e-04 1.175e-04 1.071e-03 -1.000 2.422e-03 2.822 2.749 2.954 2.391 3.284 2.928 1.987 1.768 1.743
0.00270 5.00e+09 1.0693848133    1.067  0.805  3.8050  3.833    2  0.000  0.533     0.00     0.00 -1  8.42e-13      0.00 7.948e-01 2.028e-01 4.293e-04 1.177e-04 1.073e-03 -1.000 2.427e-03 2.757 2.682 2.900 2.308 3.251 2.870 1.883 1.647 1.620
0.00270 5.00e+09 1.0731574297    1.071  0.826  3.7941  3.770    2  0.000  0.533     0.00     0.00 -1  9.42e-13      0.00 7.933e-01 2.043e-01 4.312e-04 1.182e-04 1.077e-03 -1.000 2.436e-03 2.706 2.630 2.866 2.233 3.249 2.832 1.778 1.519 1.490
0.00270 5.00e+09 1.0758154392    1.073  0.834  3.7833  3.720    2  0.000  0.534     0.00     0.00 -1  1.01e-12      0.00 7.868e-01 2.107e-01 4.385e-04 1.202e-04 1.095e-03 -1.000 2.472e-03 2.686 2.612 2.867 2.192 3.287 2.826 1.705 1.424 1.391
0.00270 5.00e+09 1.0777119398    1.075  0.832  3.7735  3.684    2  0.000  0.535     0.00     0.00 -1  1.05e-12      0.00 7.745e-01 2.230e-01 4.564e-04 1.250e-04 1.138e-03 -1.000 2.554e-03 2.690 2.618 2.892 2.177 3.349 2.845 1.663 1.361 1.325
0.00270 5.00e+09 1.0791062117    1.077  0.826  3.7650  3.656    2  0.000  0.536     0.00     0.00 -1  1.07e-12      0.00 7.667e-01 2.306e-01 4.684e-04 1.282e-04 1.166e-03 -1.000 2.642e-03 2.705 2.635 2.925 2.176 3.417 2.873 1.637 1.316 1.277
0.00270 5.00e+09 1.0801954269    1.078  0.822  3.7578  3.632    2  0.000  0.536     0.00     0.00 -1  1.09e-12      0.00 7.620e-01 2.353e-01 4.764e-04 1.303e-04 1.185e-03 -1.000 2.707e-03 2.715 2.649 2.954 2.175 3.478 2.897 1.615 1.277 1.236
0.00270 5.00e+09 1.0811150074    1.079  0.819  3.7515  3.610    2  0.000  0.537     0.00     0.00 -1   1.1e-12      0.00 7.571e-01 2.401e-01 4.857e-04 1.328e-04 1.207e-03 -1.000 2.733e-03 2.723 2.661 2.979 2.173 3.530 2.917 1.594 1.242 1.198
0.00270 5.00e+09 1.0818016529    1.079  0.817  3.7468  3.593    2  0.000  0.537     0.00     0.00 -1  1.12e-12      0.00 7.546e-01 2.426e-01 4.903e-04 1.340e-04 1.218e-03 -1.000 2.752e-03 2.727 2.668 2.996 2.170 3.570 2.931 1.576 1.213 1.168
0.00270 5.00e+09 1.0824884176    1.080  0.821  3.7425  3.573    2  0.000  0.537     0.00     0.00 -1  1.15e-12      0.00 7.529e-01 2.443e-01 4.932e-04 1.348e-04 1.225e-03 -1.000 2.774e-03 2.718 2.663 3.000 2.156 3.594 2.932 1.549 1.176 1.129
0.00270 5.00e+09 1.0835282803    1.081  0.834  3.7369  3.538    2  0.000  0.537     0.00     0.00 -1  1.23e-12      0.00 7.509e-01 2.463e-01 4.961e-04 1.356e-04 1.232e-03 -1.000 2.778e-03 2.686 2.635 2.984 2.116 3.605 2.912 1.491 1.105 1.056
0.00270 5.00e+09 1.0844691992    1.082  0.856  3.7331  3.501    2  0.000  0.537     0.00     0.00 -1  1.34e-12      0.00 7.494e-01 2.478e-01 4.979e-04 1.360e-04 1.236e-03 -1.000 2.797e-03 2.630 2.584 2.942 2.057 3.582 2.867 1.420 1.024 0.974
0.00270 5.00e+09 1.0848710537    1.082  0.867  3.7317  3.484    2  0.000  0.537     0.00     0.00 -1  1.41e-12      0.00 7.487e-01 2.485e-01 4.985e-04 1.362e-04 1.237e-03 -1.000 2.785e-03 2.602 2.558 2.919 2.028 3.565 2.842 1.387 0.987 0.936
0.00270 5.00e+09 1.0854662657    1.083  0.887  3.7300  3.458    3  0.000  0.537     0.00     0.00 -1  1.52e-12      0.00 7.477e-01 2.495e-01 4.991e-04 1.364e-04 1.239e-03 -1.000 2.813e-03 2.553 2.510 2.875 1.976 3.530 2.797 1.330 0.926 0.874
0.00270 5.00e+09 1.0866605043    1.084  0.931  3.7270  3.402    3  0.000  0.536     0.00     0.00 -1  1.78e-12      0.00 7.454e-01 2.517e-01 4.987e-04 1.373e-04 1.242e-03 -1.000 2.828e-03 2.443 2.404 2.775 1.864 3.445 2.696 1.207 0.796 0.743
0.00270 5.00e+09 1.0877779722    1.085  0.976  3.7246  3.348    3  0.000  0.529     0.00     0.00 -1   2.1e-12      0.00 7.430e-01 2.542e-01 4.927e-04 1.417e-04 1.245e-03 -1.000 2.855e-03 2.329 2.292 2.669 1.747 3.351 2.588 1.083 0.666 0.612
0.00270 5.00e+09 1.0888243914    1.086  1.023  3.7226  3.293    3  0.000  0.514     0.00     0.00 -1  2.48e-12      0.00 7.403e-01 2.569e-01 4.777e-04 1.569e-04 1.247e-03 -1.000 2.857e-03 2.212 2.178 2.560 1.629 3.251 2.478 0.958 0.536 0.480
0.00270 5.00e+09 1.0897841454    1.087  1.069  3.7207  3.240    3  0.000  0.494     0.00     0.00 -1  2.93e-12      0.00 7.376e-01 2.596e-01 4.586e-04 1.789e-04 1.248e-03 -1.000 2.827e-03 2.096 2.065 2.451 1.512 3.152 2.368 0.835 0.408 0.351
0.00270 5.00e+09 1.0906693935    1.088  1.116  3.7190  3.187    3  0.000  0.474     0.00     0.00 -1  3.45e-12      0.00 7.351e-01 2.621e-01 4.409e-04 2.008e-04 1.249e-03 -1.000 2.823e-03 1.981 1.952 2.342 1.396 3.052 2.258 0.713 0.281 0.224
0.00270 5.00e+09 1.0915523767    1.089  1.165  3.7172  3.130    3  0.000  0.458     0.00     0.00 -1  4.12e-12      0.00 7.325e-01 2.646e-01 4.262e-04 2.193e-04 1.250e-03 -1.000 2.842e-03 1.857 1.831 2.225 1.271 2.944 2.140 0.581 0.144 0.086
0.00270 5.00e+09 1.0922893286    1.089  1.210  3.7155  3.079    3  0.000  0.447     0.00     0.00 -1  4.84e-12      0.00 7.306e-01 2.666e-01 4.164e-04 2.317e-04 1.251e-03 -1.000 2.835e-03 1.745 1.721 2.120 1.158 2.848 2.033 0.462 0.021 -0.038
0.00270 5.00e+09 1.0930119753    1.090  1.258  3.7136  3.024    3  0.000  0.439     0.00     0.00 -1  5.75e-12      0.00 7.288e-01 2.683e-01 4.091e-04 2.410e-04 1.251e-03 -1.000 2.858e-03 1.626 1.605 2.008 1.038 2.745 1.920 0.335 -0.111 -0.170
0.00270 5.00e+09 1.0936715603    1.091  1.305  3.7117  2.970    3  0.000  0.433     0.00     0.00 -1  6.82e-12      0.00 7.274e-01 2.697e-01 4.038e-04 2.478e-04 1.252e-03 -1.000 2.862e-03 1.507 1.490 1.897 0.918 2.645 1.808 0.209 -0.242 -0.302
0.00270 5.00e+09 1.0942678452    1.091  1.352  3.7098  2.915    3  0.000  0.428     0.00     0.00 -1  8.07e-12      0.00 7.264e-01 2.707e-01 4.002e-04 2.523e-04 1.252e-03 -1.000 2.866e-03 1.391 1.376 1.789 0.801 2.547 1.698 0.085 -0.371 -0.432
0.00270 5.00e+09 1.0947859287    1.092  1.396  3.7079  2.864    3  0.000  0.426     0.00     0.00 -1  9.46e-12      0.00 7.258e-01 2.714e-01 3.978e-04 2.553e-04 1.252e-03 -1.000 2.869e-03 1.281 1.270 1.687 0.690 2.456 1.595 -0.032 -0.493 -0.555
0.00270 5.00e+09 1.0952748060    1.092  1.441  3.7059  2.811    3  0.000  0.424     0.00     0.00 -1  1.11e-11      0.00 7.252e-01 2.719e-01 3.961e-04 2.575e-04 1.252e-03 -1.000 2.869e-03 1.168 1.161 1.583 0.577 2.364 1.490 -0.153 -0.620 -0.682
0.00270 5.00e+09 1.0957177877    1.092  1.485  3.7039  2.759    3  0.000  0.423     0.00     0.00 -1  1.31e-11      0.00 7.249e-01 2.722e-01 3.951e-04 2.589e-04 1.252e-03 -1.000 2.848e-03 1.058 1.054 1.481 0.466 2.273 1.387 -0.271 -0.744 -0.807
0.00270 5.00e+09 1.0961298943    1.093  1.530  3.7018  2.706    3  0.000  0.422     0.00     0.00 -1  1.54e-11      0.00 7.247e-01 2.724e-01 3.945e-04 2.596e-04 1.252e-03 -1.000 2.861e-03 0.946 0.947 1.379 0.354 2.184 1.283 -0.391 -0.870 -0.934
0.00270 5.00e+09 1.0964909792    1.093  1.572  3.6997  2.656    3  0.000  0.422     0.00     0.00 -1   1.8e-11      0.00 7.246e-01 2.725e-01 3.942e-04 2.600e-04 1.252e-03 -1.000 2.869e-03 0.840 0.845 1.282 0.247 2.099 1.185 -0.505 -0.989 -1.054
0.00270 5.00e+09 1.0968418121    1.093  1.616  3.6975  2.603    3  0.000  0.421     0.00     0.00 -1  2.12e-11      0.00 7.246e-01 2.725e-01 3.941e-04 2.601e-04 1.252e-03 -1.000 2.842e-03 0.730 0.738 1.182 0.136 2.012 1.083 -0.624 -1.115 -1.181
0.00270 5.00e+09 1.0971522331    1.093  1.658  3.6954  2.552    3  0.000  0.421     0.00     0.00 -1  2.48e-11      0.00 7.246e-01 2.725e-01 3.940e-04 2.602e-04 1.252e-03 -1.000 2.842e-03 0.624 0.637 1.086 0.030 1.930 0.986 -0.738 -1.234 -1.301
0.00270 5.00e+09 1.0974344015    1.094  1.700  3.6932  2.502    3  0.000  0.421     0.00     0.00 -1  2.88e-11      0.00 7.246e-01 2.725e-01 3.940e-04 2.603e-04 1.252e-03 -1.000 2.842e-03 0.521 0.539 0.993 -0.072 1.850 0.893 -0.848 -1.352 -1.420
0.00270 5.00e+09 1.0976952314    1.094  1.741  3.6910  2.452    3  0.000  0.421     0.00     0.00 -1  3.35e-11      0.00 7.246e-01 2.726e-01 3.939e-04 2.603e-04 1.252e-03 -1.000 2.842e-03 0.418 0.442 0.903 -0.174 1.773 0.801 -0.959 -1.468 -1.538
0.00270 5.00e+09 1.0979428291    1.094  1.782  3.6887  2.402    3  0.000  0.421     0.00     0.00 -1  3.91e-11      0.00 7.246e-01 2.726e-01 3.938e-04 2.604e-04 1.252e-03 -1.000 2.842e-03 0.315 0.344 0.811 -0.277 1.696 0.708 -1.070 -1.586 -1.657
0.00270 5.00e+09 1.0981642008    1.094  1.821  3.6865  2.354    3  0.000  0.421     0.00     0.00 -1  4.52e-11      0.00 7.246e-01 2.726e-01 3.938e-04 2.605e-04 1.252e-03 -1.000 2.842e-03 0.217 0.252 0.724 -0.374 1.623 0.620 -1.176 -1.698 -1.770
0.00270 5.00e+09 1.0983793736    1.094  1.861  3.6843  2.305    3  0.000  0.421     0.00     0.00 -1  5.23e-11      0.00 7.246e-01 2.726e-01 3.938e-04 2.605e-04 1.252e-03 -1.000 2.842e-03 0.118 0.158 0.637 -0.472 1.551 0.532 -1.282 -1.811 -1.884
0.00270 5.00e+09 1.0985800028    1.094  1.896  3.6822  2.261    3  0.000  0.421     0.00     0.00 -1  5.98e-11      0.00 7.246e-01 2.726e-01 3.937e-04 2.606e-04 1.252e-03 -1.000 2.842e-03 0.029 0.074 0.558 -0.561 1.486 0.452 -1.379 -1.914 -1.988
0.00270 5.00e+09 1.0988317728    1.094  1.930  3.6804  2.221    3  0.000  0.421     0.00     0.00 -1  6.78e-11      0.00 7.246e-01 2.726e-01 3.937e-04 2.607e-04 1.252e-03 -1.000 2.843e-03 -0.054 -0.003 0.486 -0.642 1.426 0.379 -1.467 -2.008 -2.084
0.00270 5.00e+09 1.0989061594    1.094  1.938  3.6799  2.210    3  0.000  0.421     0.00     0.00 -1  7.02e-11      0.00 7.246e-01 2.726e-01 3.936e-04 2.607e-04 1.252e-03 -1.000 2.843e-03 -0.076 -0.024 0.467 -0.664 1.409 0.360 -1.491 -2.033 -2.109
0.00270 5.00e+09 1.0991179943    1.094  1.898  3.6827  2.262    3  0.000  0.421     0.00     0.00 -1   6.1e-11      0.00 7.246e-01 2.726e-01 3.936e-04 2.607e-04 1.252e-03 -1.000 2.843e-03 0.025 0.069 0.552 -0.565 1.477 0.446 -1.381 -1.914 -1.988
0.00270 5.00e+09 1.0992119312    1.094  1.872  3.6845  2.296    3  0.000  0.421     0.00     0.00 -1  5.52e-11      0.00 7.246e-01 2.726e-01 3.936e-04 2.608e-04 1.252e-03 -1.000 2.843e-03 0.091 0.130 0.608 -0.500 1.521 0.503 -1.309 -1.837 -1.910
0.00270 5.00e+09 1.0992394686    1.094  1.878  3.6842  2.288    3  0.000  0.421     0.00     0.00 -1  5.63e-11      0.00 7.246e-01 2.726e-01 3.936e-04 2.608e-04 1.252e-03 -1.000 2.843e-03 0.076 0.116 0.595 -0.515 1.510 0.490 -1.325 -1.854 -1.928
0.00270 5.00e+09 1.0994133949    1.094  1.918  3.6818  2.238    3  0.000  0.421     0.00     0.00 -1  6.47e-11      0.00 7.246e-01 2.726e-01 3.935e-04 2.608e-04 1.253e-03 -1.000 2.843e-03 -0.025 0.021 0.507 -0.615 1.438 0.400 -1.434 -1.971 -2.045
0.00270 5.00e+09 1.0995932817    1.094  1.960  3.6792  2.185    3  0.000  0.421     0.00     0.00 -1  7.56e-11      0.00 7.246e-01 2.726e-01 3.935e-04 2.609e-04 1.253e-03 -1.000 2.843e-03 -0.131 -0.077 0.416 -0.719 1.363 0.309 -1.548 -2.092 -2.169
0.00270 5.00e+09 1.0997617245    1.094  2.002  3.6767  2.134    3  0.000  0.421     0.00     0.00 -1  8.82e-11      0.00 7.246e-01 2.726e-01 3.935e-04 2.609e-04 1.253e-03 -1.000 2.843e-03 -0.234 -0.172 0.327 -0.820 1.290 0.219 -1.660 -2.212 -2.289
0.00270 5.00e+09 1.0999226570    1.094  2.044  3.6741  2.082    3  0.000  0.421     0.00     0.00 -1  1.03e-10      0.00 7.246e-01 2.726e-01 3.934e-04 2.609e-04 1.253e-03 -1.000 2.843e-03 -0.339 -0.269 0.237 -0.923 1.218 0.128 -1.773 -2.333 -2.412
0.00270 5.00e+09 1.1000704765    1.094  2.085  3.6715  2.030    3  0.000  0.421     0.00     0.00 -1  1.21e-10      0.00 7.246e-01 2.726e-01 3.934e-04 2.610e-04 1.253e-03 -1.000 2.843e-03 -0.442 -0.364 0.150 -1.023 1.147 0.040 -1.884 -2.452 -2.533
0.00270 5.00e+09 1.1002074480    1.093  2.126  3.6688  1.978    3  0.000  0.421     0.00     0.00 -1  1.41e-10      0.00 7.246e-01 2.726e-01 3.934e-04 2.610e-04 1.253e-03 -1.000 2.843e-03 -0.545 -0.459 0.063 -1.124 1.079 -0.048 -1.995 -2.571 -2.654
0.00270 5.00e+09 1.1003341675    1.093  2.167  3.6662  1.927    3  0.000  0.421     0.00     0.00 -1  1.64e-10      0.00 7.246e-01 2.726e-01 3.934e-04 2.611e-04 1.253e-03 -1.000 2.843e-03 -0.647 -0.552 -0.023 -1.223 1.013 -0.134 -2.106 -2.690 -2.775
0.00270 5.00e+09 1.1004517078    1.093  2.208  3.6635  1.875    3  0.000  0.421     0.00     0.00 -1  1.91e-10      0.00 7.246e-01 2.726e-01 3.933e-04 2.611e-04 1.253e-03 -1.000 2.843e-03 -0.749 -0.645 -0.107 -1.322 0.948 -0.219 -2.216 -2.808 -2.895
0.00270 5.00e+09 1.1005580425    1.093  2.247  3.6608  1.824    3  0.000  0.421     0.00     0.00 -1  2.22e-10      0.00 7.245e-01 2.726e-01 3.933e-04 2.611e-04 1.253e-03 -1.000 2.843e-03 -0.849 -0.735 -0.189 -1.418 0.887 -0.301 -2.324 -2.923 -3.013
0.00270 5.00e+09 1.1006591320    1.092  2.288  3.6580  1.772    3  0.000  0.421     0.00     0.00 -1  2.59e-10      0.00 7.245e-01 2.726e-01 3.933e-04 2.611e-04 1.253e-03 -1.000 2.843e-03 -0.950 -0.826 -0.271 -1.516 0.825 -0.384 -2.434 -3.041 -3.133
0.00270 5.00e+09 1.1007508039    1.092  2.327  3.6553  1.722    3  0.000  0.421     0.00     0.00 -1  3.01e-10      0.00 7.245e-01 2.726e-01 3.933e-04 2.612e-04 1.253e-03 -1.000 2.843e-03 -1.048 -0.915 -0.351 -1.611 0.766 -0.465 -2.541 -3.157 -3.250
0.00270 5.00e+09 1.1008378267    1.092  2.367  3.6524  1.670    3  0.000  0.420     0.00     0.00 -1  3.51e-10      0.00 7.245e-01 2.726e-01 3.932e-04 2.612e-04 1.253e-03 -1.000 2.843e-03 -1.149 -1.003 -0.431 -1.707 0.709 -0.544 -2.649 -3.273 -3.369
0.00270 5.00e+09 1.1009165049    1.091  2.406  3.6497  1.620    3  0.000  0.420     0.00     0.00 -1  4.07e-10      0.00 7.245e-01 2.726e-01 3.932e-04 2.612e-04 1.253e-03 -1.000 2.843e-03 -1.246 -1.088 -0.506 -1.798 0.656 -0.619 -2.753 -3.387 -3.485
0.00270 5.00e+09 1.1009895802    1.091  2.445  3.6469  1.570    3  0.000  0.420     0.00     0.00 -1  4.72e-10      0.00 7.245e-01 2.726e-01 3.932e-04 2.612e-04 1.253e-03 -1.000 2.843e-03 -1.343 -1.173 -0.581 -1.890 0.604 -0.694 -2.858 -3.500 -3.601
0.00270 5.00e+09 1.1010572910    1.090  2.484  3.6441  1.520    3  0.000  0.420     0.00     0.00 -1  5.47e-10      0.00 7.245e-01 2.726e-01 3.932e-04 2.613e-04 1.253e-03 -1.000 2.843e-03 -1.440 -1.256 -0.654 -1.980 0.554 -0.768 -2.961 -3.612 -3.716
0.00270 5.00e+09 1.1011192799    1.090  2.522  3.6413  1.471    3  0.000  0.420     0.00     0.00 -1  6.32e-10      0.00 7.245e-01 2.726e-01 3.932e-04 2.613e-04 1.253e-03 -1.000 2.843e-03 -1.534 -1.338 -0.726 -2.069 0.508 -0.839 -3.063 -3.722 -3.829
0.00270 5.00e+09 1.1011785269    1.089  2.560  3.6384  1.421    3  0.000  0.420     0.00     0.00 -1  7.31e-10      0.00 7.245e-01 2.726e-01 3.932e-04 2.613e-04 1.253e-03 -1.000 2.843e-03 -1.630 -1.420 -0.796 -2.158 0.465 -0.908 -3.167 -3.834 -3.944
0.00270 5.00e+09 1.1012318134    1.089  2.597  3.6357  1.373    3  0.000  0.420     0.00     0.00 -1  8.42e-10      0.00 7.245e-01 2.726e-01 3.932e-04 2.613e-04 1.253e-03 -1.000 2.843e-03 -1.722 -1.497 -0.862 -2.243 0.427 -0.973 -3.266 -3.941 -4.055
0.00270 5.00e+09 1.1012830734    1.088  2.634  3.6328  1.324    3  0.000  0.420     0.00     0.00 -1  9.74e-10      0.00 7.245e-01 2.726e-01 3.932e-04 2.613e-04 1.253e-03 -1.000 2.843e-03 -1.816 -1.576 -0.929 -2.330 0.388 -1.040 -3.367 -4.051 -4.168
0.00270 5.00e+09 1.1013298035    1.087  2.671  3.6300  1.275    3  0.000  0.420     0.00     0.00 -1  1.12e-09      0.00 7.245e-01 2.726e-01 3.931e-04 2.613e-04 1.253e-03 -1.000 2.843e-03 -1.908 -1.652 -0.994 -2.415 0.353 -1.103 -3.466 -4.158 -4.279
0.00270 5.00e+09 1.1013739109    1.086  2.708  3.6272  1.227    3  0.000  0.420     0.00     0.00 -1  1.29e-09      0.00 7.245e-01 2.726e-01 3.931e-04 2.613e-04 1.253e-03 -1.000 2.843e-03 -1.999 -1.729 -1.058 -2.500 0.318 -1.167 -3.565 -4.266 -4.390
0.00270 5.00e+09 1.1014162302    1.086  2.745  3.6243  1.178    3  0.000  0.420     0.00     0.00 -1  1.49e-09      0.00 7.245e-01 2.726e-01 3.931e-04 2.613e-04 1.253e-03 -1.000 2.843e-03 -2.093 -1.805 -1.122 -2.585 0.286 -1.229 -3.665 -4.375 -4.503
0.00270 5.00e+09 1.1014624834    1.084  2.789  3.6208  1.120    3  0.000  0.420     0.00     0.00 -1  1.77e-09      0.00 7.245e-01 2.726e-01 3.931e-04 2.614e-04 1.253e-03 -1.000 2.843e-03 -2.202 -1.894 -1.194 -2.683 0.250 -1.300 -3.782 -4.503 -4.636
0.00270 5.00e+09 1.1014982462    1.083  2.825  3.6180  1.072    3  0.000  0.420     0.00     0.00 -1  2.03e-09      0.00 7.245e-01 2.726e-01 3.931e-04 2.614e-04 1.253e-03 -1.000 2.843e-03 -2.292 -1.967 -1.254 -2.764 0.222 -1.358 -3.878 -4.608 -4.744
0.00270 5.00e+09 1.1015321016    1.082  2.861  3.6152  1.024    3  0.000  0.420     0.00     0.00 -1  2.34e-09      0.00 7.245e-01 2.726e-01 3.931e-04 2.614e-04 1.253e-03 -1.000 2.843e-03 -2.382 -2.039 -1.313 -2.845 0.194 -1.415 -3.974 -4.712 -4.853
0.00270 5.00e+09 1.1015702486    1.081  2.904  3.6117  0.966    3  0.000  0.420     0.00     0.00 -1  2.77e-09      0.00 7.245e-01 2.726e-01 3.931e-04 2.614e-04 1.253e-03 -1.000 2.843e-03 -2.491 -2.125 -1.381 -2.941 0.168 -1.481 -4.090 -4.839 -4.985
0.00270 5.00e+09 1.1016056538    1.079  2.947  3.6082  0.909    3  0.000  0.420     0.00     0.00 -1  3.28e-09      0.00 7.245e-01 2.726e-01 3.931e-04 2.614e-04 1.253e-03 -1.000 2.843e-03 -2.598 -2.208 -1.445 -3.036 0.148 -1.541 -4.204 -4.965 -5.116
0.00270 5.00e+09 1.1016330719    1.078  2.983  3.6054  0.861    3  0.000  0.420     0.00     0.00 -1  3.77e-09      0.00 7.245e-01 2.726e-01 3.931e-04 2.614e-04 1.253e-03 -1.000 2.843e-03 -2.687 -2.277 -1.498 -3.114 0.130 -1.591 -4.298 -5.069 -5.224
0.00270 5.00e+09 1.1016635895    1.076  3.025  3.6020  0.805    3  0.000  0.420     0.00     0.00 -1  4.45e-09      0.00 7.245e-01 2.726e-01 3.931e-04 2.614e-04 1.253e-03 -1.000 2.843e-03 -2.791 -2.357 -1.559 -3.205 0.112 -1.649 -4.409 -5.191 -5.351
0.00270 5.00e+09 1.1016919613    1.073  3.066  3.5985  0.749    3  0.000  0.420     0.00     0.00 -1  5.24e-09      0.00 7.245e-01 2.726e-01 3.931e-04 2.614e-04 1.253e-03 -1.000 2.843e-03 -2.894 -2.435 -1.617 -3.294 0.098 -1.704 -4.519 -5.312 -5.478
0.00270 5.00e+09 1.1017185450    1.071  3.107  3.5951  0.693    3  0.000  0.420     0.00     0.00 -1  6.17e-09      0.00 7.245e-01 2.726e-01 3.931e-04 2.614e-04 1.253e-03 -1.000 2.843e-03 -2.997 -2.511 -1.672 -3.381 0.085 -1.756 -4.628 -5.432 -5.603
0.00270 5.00e+09 1.1017435789    1.068  3.148  3.5916  0.637    3  0.000  0.420     0.00     0.00 -1  7.27e-09      0.00 7.245e-01 2.726e-01 3.931e-04 2.614e-04 1.253e-03 -1.000 2.843e-03 -3.100 -2.588 -1.727 -3.469 0.072 -1.806 -4.737 -5.553 -5.729
0.00270 5.00e+09 1.1017664671    1.066  3.188  3.5883  0.583    3  0.000  0.420     0.00     0.00 -1  8.53e-09      0.00 7.245e-01 2.726e-01 3.931e-04 2.614e-04 1.253e-03 -1.000 2.843e-03 -3.200 -2.661 -1.779 -3.553 0.063 -1.854 -4.842 -5.669 -5.851
0.00270 5.00e+09 1.1017878056    1.063  3.227  3.5849  0.529    3  0.000  0.420     0.00     0.00 -1     1e-08      0.00 7.245e-01 2.726e-01 3.931e-04 2.614e-04 1.253e-03 -1.000 2.843e-03 -3.297 -2.731 -1.828 -3.635 0.056 -1.899 -4.945 -5.784 -5.972
0.00270 5.00e+09 1.1018078327    1.059  3.266  3.5814  0.475    3  0.000  0.420     0.00     0.00 -1  1.17e-08      0.00 7.245e-01 2.726e-01 3.930e-04 2.615e-04 1.253e-03 -1.000 2.843e-03 -3.394 -2.798 -1.870 -3.714 0.057 -1.936 -5.048 -5.898 -6.091
0.00270 5.00e+09 1.1018263102    1.055  3.303  3.5781  0.423    3  0.000  0.420     0.00     0.00 -1  1.36e-08      0.00 7.245e-01 2.726e-01 3.930e-04 2.615e-04 1.253e-03 -1.000 2.843e-03 -3.487 -2.860 -1.905 -3.788 0.065 -1.965 -5.147 -6.007 -6.206
0.00270 5.00e+09 1.1018438339    1.052  3.337  3.5749  0.374    3  0.000  0.420     0.00     0.00 -1  1.58e-08      0.00 7.245e-01 2.726e-01 3.930e-04 2.615e-04 1.253e-03 -1.000 2.843e-03 -3.573 -2.917 -1.938 -3.857 0.073 -1.992 -5.239 -6.109 -6.313
0.00270 5.00e+09 1.1018496752    1.050  3.348  3.5739  0.359    3  0.000  0.420     0.00     0.00 -1  1.65e-08      0.00 7.245e-01 2.726e-01 3.930e-04 2.615e-04 1.253e-03 -1.000 2.843e-03 -3.600 -2.936 -1.948 -3.880 0.076 -2.001 -5.269 -6.141 -6.347
0.00270 5.00e+09 1.1018496752    1.051  1.800  3.7114  2.457    4  0.000  0.434     0.00     0.00 -1         0      0.00 7.218e-01 2.753e-01 4.098e-04 2.473e-04 1.262e-03 -1.000 2.891e-03 0.270 0.250 0.659 -0.324 1.409 0.568 -1.033 -1.482 -1.542
0.00270 5.00e+09 1.1020135880    1.051  1.812  3.7104  2.441    4  0.000  0.434     0.00     0.00 -1         0      0.00 7.218e-01 2.753e-01 4.098e-04 2.474e-04 1.262e-03 -1.000 2.891e-03 0.241 0.222 0.634 -0.353 1.390 0.543 -1.066 -1.518 -1.578
0.00270 5.00e+09 1.1021866798    1.051  1.817  3.7100  2.435    4  0.000  0.434     0.00     0.00 -1         0      0.00 7.218e-01 2.754e-01 4.097e-04 2.474e-04 1.262e-03 -1.000 2.891e-03 0.228 0.210 0.623 -0.367 1.381 0.531 -1.081 -1.534 -1.594
0.00270 5.00e+09 1.1023615599    1.051  1.819  3.7100  2.432    4  0.000  0.434     0.00     0.00 -1         0      0.00 7.217e-01 2.754e-01 4.096e-04 2.475e-04 1.262e-03 -1.000 2.891e-03 0.221 0.203 0.616 -0.373 1.374 0.524 -1.088 -1.540 -1.601
0.00270 5.00e+09 1.1025345325    1.051  1.821  3.7103  2.432    4  0.000  0.434     0.00     0.00 -1         0      0.00 7.217e-01 2.754e-01 4.096e-04 2.476e-04 1.262e-03 -1.000 2.890e-03 0.218 0.200 0.612 -0.376 1.369 0.520 -1.089 -1.541 -1.602
0.00270 5.00e+09 1.1027159691    1.052  1.821  3.7107  2.433    4  0.000  0.434     0.00     0.00 -1         0      0.00 7.217e-01 2.754e-01 4.095e-04 2.477e-04 1.262e-03 -1.000 2.890e-03 0.217 0.198 0.609 -0.377 1.364 0.518 -1.089 -1.540 -1.600
0.00270 5.00e+09 1.1028923988    1.052  1.821  3.7111  2.435    4  0.000  0.434     0.00     0.00 -1         0      0.00 7.217e-01 2.754e-01 4.094e-04 2.478e-04 1.262e-03 -1.000 2.890e-03 0.217 0.197 0.607 -0.377 1.359 0.516 -1.088 -1.538 -1.598
0.00270 5.00e+09 1.1030694246    1.052  1.821  3.7115  2.437    4  0.000  0.434     0.00     0.00 -1         0      0.00 7.217e-01 2.754e-01 4.094e-04 2.479e-04 1.262e-03 -1.000 2.890e-03 0.216 0.195 0.605 -0.377 1.354 0.514 -1.087 -1.535 -1.595
0.00270 5.00e+09 1.1032457352    1.052  1.822  3.7119  2.438    4  0.000  0.434     0.00     0.00 -1         0      0.00 7.217e-01 2.754e-01 4.093e-04 2.480e-04 1.262e-03 -1.000 2.890e-03 0.216 0.194 0.603 -0.378 1.349 0.512 -1.085 -1.533 -1.592
0.00270 5.00e+09 1.1034097672    1.052  1.822  3.7123  2.439    4  0.000  0.433     0.00     0.00 -1         0      0.00 7.217e-01 2.754e-01 4.092e-04 2.480e-04 1.262e-03 -1.000 2.889e-03 0.215 0.193 0.600 -0.378 1.344 0.510 -1.085 -1.531 -1.591
0.00270 5.00e+09 1.1035863161    1.053  1.823  3.7127  2.440    4  0.000  0.433     0.00     0.00 -1         0      0.00 7.217e-01 2.754e-01 4.092e-04 2.481e-04 1.262e-03 -1.000 2.889e-03 0.214 0.191 0.597 -0.380 1.339 0.507 -1.085 -1.530 -1.589
0.00270 5.00e+09 1.1037702560    1.053  1.823  3.7130  2.441    4  0.000  0.433     0.00     0.00 -1         0      0.00 7.217e-01 2.754e-01 4.091e-04 2.482e-04 1.262e-03 -1.000 2.889e-03 0.212 0.188 0.594 -0.381 1.334 0.504 -1.085 -1.529 -1.589
0.00270 5.00e+09 1.1039426327    1.053  1.824  3.7133  2.442    4  0.000  0.433     0.00     0.00 -1         0      0.00 7.217e-01 2.754e-01 4.090e-04 2.483e-04 1.262e-03 -1.000 2.889e-03 0.210 0.186 0.591 -0.383 1.329 0.501 -1.086 -1.529 -1.588
0.00270 5.00e+09 1.1041260958    1.053  1.825  3.7136  2.442    4  0.000  0.433     0.00     0.00 -1         0      0.00 7.217e-01 2.754e-01 4.089e-04 2.484e-04 1.262e-03 -1.000 2.889e-03 0.208 0.183 0.588 -0.385 1.324 0.498 -1.087 -1.529 -1.588
0.00270 5.00e+09 1.1043080091    1.053  1.826  3.7139  2.442    4  0.000  0.433     0.00     0.00 -1         0      0.00 7.217e-01 2.755e-01 4.089e-04 2.485e-04 1.262e-03 -1.000 2.888e-03 0.206 0.180 0.584 -0.387 1.319 0.495 -1.088 -1.530 -1.589
0.00270 5.00e+09 1.1043235064    1.053  1.826  3.7139  2.442    4  0.000  0.433     0.00     0.00 -1         0      0.00 7.217e-01 2.755e-01 4.089e-04 2.485e-04 1.262e-03 -1.000 2.888e-03 0.205 0.180 0.584 -0.387 1.319 0.494 -1.088 -1.530 -1.589
0.00270 5.00e+09 1.1043920517    1.054  1.826  3.7140  2.442    4  0.000  0.433     0.00     0.00 -1         0      0.00 7.217e-01 2.755e-01 4.088e-04 2.485e-04 1.262e-03 -1.000 2.888e-03 0.204 0.179 0.582 -0.388 1.317 0.493 -1.089 -1.531 -1.589
0.00270 5.00e+09 1.1045514345    1.054  1.827  3.7142  2.442    4  0.000  0.433     0.00     0.00 -1         0      0.00 7.216e-01 2.755e-01 4.088e-04 2.486e-04 1.262e-03 -1.000 2.888e-03 0.202 0.176 0.579 -0.391 1.312 0.490 -1.091 -1.532 -1.590
0.00270 5.00e+09 1.1047103405    1.054  1.828  3.7144  2.442    4  0.000  0.433     0.00     0.00 -1         0      0.00 7.216e-01 2.755e-01 4.087e-04 2.487e-04 1.262e-03 -1.000 2.888e-03 0.199 0.173 0.576 -0.393 1.308 0.487 -1.092 -1.533 -1.591
0.00270 5.00e+09 1.1048694849    1.054  1.829  3.7145  2.442    4  0.000  0.433     0.00     0.00 -1         0      0.00 7.216e-01 2.755e-01 4.087e-04 2.487e-04 1.262e-03 -1.000 2.888e-03 0.197 0.170 0.572 -0.396 1.304 0.483 -1.095 -1.535 -1.593
0.00270 5.00e+09 1.1050410271    1.054  1.831  3.7146  2.441    4  0.000  0.433     0.00     0.00 -1         0      0.00 7.216e-01 2.755e-01 4.086e-04 2.488e-04 1.262e-03 -1.000 2.887e-03 0.193 0.167 0.569 -0.399 1.299 0.479 -1.098 -1.537 -1.596
0.00270 5.00e+09 1.1052069664    1.054  1.832  3.7147  2.440    4  0.000  0.433     0.00     0.00 -1         0      0.00 7.216e-01 2.755e-01 4.085e-04 2.489e-04 1.262e-03 -1.000 2.887e-03 0.190 0.163 0.565 -0.403 1.295 0.476 -1.101 -1.541 -1.599
0.00270 5.00e+09 1.1053736210    1.055  1.834  3.7147  2.438    4  0.000  0.433     0.00     0.00 -1         0      0.00 7.216e-01 2.755e-01 4.085e-04 2.490e-04 1.262e-03 -1.000 2.887e-03 0.185 0.159 0.560 -0.407 1.290 0.471 -1.105 -1.545 -1.603
0.00270 5.00e+09 1.1055378914    1.055  1.836  3.7147  2.436    4  0.000  0.433     0.00     0.00 -1         0      0.00 7.216e-01 2.755e-01 4.084e-04 2.491e-04 1.262e-03 -1.000 2.887e-03 0.181 0.154 0.556 -0.412 1.286 0.467 -1.110 -1.549 -1.608
0.00270 5.00e+09 1.1055804491    1.055  1.836  3.7147  2.436    4  0.000  0.433     0.00     0.00 -1         0      0.00 7.216e-01 2.755e-01 4.084e-04 2.491e-04 1.262e-03 -1.000 2.887e-03 0.180 0.153 0.555 -0.413 1.285 0.466 -1.111 -1.551 -1.609
0.00270 5.00e+09 1.1057001352    1.055  1.838  3.7146  2.434    4  0.000  0.432     0.00     0.00 -1         0      0.00 7.216e-01 2.755e-01 4.083e-04 2.491e-04 1.262e-03 -1.000 2.887e-03 0.176 0.149 0.551 -0.417 1.282 0.462 -1.115 -1.555 -1.614
0.00270 5.00e+09 1.1058683395    1.055  1.840  3.7145  2.431    4  0.000  0.432     0.00     0.00 -1         0      0.00 7.216e-01 2.755e-01 4.083e-04 2.492e-04 1.262e-03 -1.000 2.886e-03 0.170 0.143 0.545 -0.423 1.277 0.456 -1.122 -1.562 -1.621
0.00270 5.00e+09 1.1060410738    1.055  1.843  3.7143  2.427    4  0.000  0.432     0.00     0.00 -1         0      0.00 7.216e-01 2.755e-01 4.082e-04 2.493e-04 1.262e-03 -1.000 2.886e-03 0.162 0.136 0.539 -0.430 1.272 0.450 -1.130 -1.571 -1.629
0.00270 5.00e+09 1.1062064171    1.056  1.846  3.7140  2.423    4  0.000  0.432     0.00     0.00 -1         0      0.00 7.216e-01 2.755e-01 4.081e-04 2.494e-04 1.262e-03 -1.000 2.886e-03 0.154 0.129 0.532 -0.439 1.267 0.443 -1.140 -1.581 -1.640
0.00270 5.00e+09 1.1063712835    1.056  1.850  3.7135  2.418    4  0.000  0.432     0.00     0.00 -1         0      0.00 7.216e-01 2.756e-01 4.081e-04 2.495e-04 1.262e-03 -1.000 2.886e-03 0.145 0.120 0.524 -0.449 1.262 0.434 -1.151 -1.593 -1.652
0.00270 5.00e+09 1.1065375805    1.056  1.855  3.7130  2.411    4  0.000  0.432     0.00     0.00 -1         0      0.00 7.216e-01 2.756e-01 4.080e-04 2.496e-04 1.262e-03 -1.000 2.886e-03 0.133 0.109 0.515 -0.460 1.256 0.425 -1.164 -1.608 -1.667
0.00270 5.00e+09 1.1067043543    1.056  1.860  3.7124  2.404    4  0.000  0.432     0.00     0.00 -1         0      0.00 7.215e-01 2.756e-01 4.079e-04 2.496e-04 1.262e-03 -1.000 2.885e-03 0.120 0.097 0.505 -0.474 1.249 0.414 -1.180 -1.625 -1.685
0.00270 5.00e+09 1.1068698168    1.056  1.866  3.7117  2.395    4  0.000  0.432     0.00     0.00 -1         0      0.00 7.215e-01 2.756e-01 4.079e-04 2.497e-04 1.262e-03 -1.000 2.885e-03 0.105 0.084 0.493 -0.489 1.242 0.402 -1.197 -1.645 -1.705
0.00270 5.00e+09 1.1070351601    1.057  1.872  3.7109  2.385    4  0.000  0.432     0.00     0.00 -1         0      0.00 7.215e-01 2.756e-01 4.078e-04 2.498e-04 1.262e-03 -1.000 2.885e-03 0.089 0.069 0.480 -0.506 1.233 0.388 -1.217 -1.666 -1.726
0.00270 5.00e+09 1.1071975231    1.057  1.882  3.7098  2.372    4  0.000  0.432     0.00     0.00 -1         0      0.00 7.215e-01 2.756e-01 4.077e-04 2.499e-04 1.262e-03 -1.000 2.885e-03 0.066 0.047 0.462 -0.529 1.222 0.369 -1.244 -1.697 -1.758
0.00270 5.00e+09 1.1073644161    1.057  1.900  3.7076  2.345    4  0.000  0.432     0.00     0.00 -1         0      0.00 7.215e-01 2.756e-01 4.077e-04 2.500e-04 1.262e-03 -1.000 2.885e-03 0.021 0.007 0.427 -0.575 1.200 0.333 -1.298 -1.757 -1.818
0.00270 5.00e+09 1.1075205803    1.057  1.938  3.7031  2.288    4  0.000  0.432     0.00     0.00 -1         0      0.00 7.215e-01 2.756e-01 4.076e-04 2.500e-04 1.262e-03 -1.000 2.884e-03 -0.075 -0.081 0.351 -0.672 1.153 0.254 -1.412 -1.883 -1.947
0.00270 5.00e+09 1.1075809002    1.057  1.974  3.6992  2.237    4  0.000  0.432     0.00     0.00 -1         0      0.00 7.215e-01 2.756e-01 4.076e-04 2.501e-04 1.262e-03 -1.000 2.884e-03 -0.165 -0.162 0.280 -0.763 1.107 0.180 -1.516 -1.999 -2.064
0.00270 5.00e+09 1.1076076031    1.057  2.008  3.6956  2.188    4  0.000  0.432     0.00     0.00 -1         0      0.00 7.215e-01 2.756e-01 4.076e-04 2.501e-04 1.262e-03 -1.000 2.884e-03 -0.250 -0.241 0.211 -0.849 1.061 0.109 -1.615 -2.108 -2.175
0.00270 5.00e+09 1.1076210737    1.057  2.043  3.6921  2.140    4  0.000  0.432     0.00     0.00 -1         0      0.00 7.215e-01 2.756e-01 4.076e-04 2.501e-04 1.262e-03 -1.000 2.884e-03 -0.337 -0.319 0.142 -0.934 1.015 0.039 -1.714 -2.217 -2.286
0.00270 5.00e+09 1.1076281071    1.057  2.076  3.6889  2.094    4  0.000  0.432     0.00     0.00 -1         0      0.00 7.215e-01 2.756e-01 4.076e-04 2.501e-04 1.262e-03 -1.000 2.884e-03 -0.420 -0.393 0.076 -1.016 0.970 -0.029 -1.807 -2.320 -2.391
0.00270 5.00e+09 1.1076323986    1.057  2.109  3.6858  2.048    4  0.000  0.432     0.00     0.00 -1         0      0.00 7.215e-01 2.756e-01 4.076e-04 2.501e-04 1.262e-03 -1.000 2.884e-03 -0.503 -0.468 0.009 -1.098 0.923 -0.097 -1.901 -2.424 -2.496
0.00270 5.00e+09 1.1076335907    1.057  2.121  3.6847  2.032    7  0.000  0.432     0.00     0.00 -1         0      0.00 7.215e-01 2.756e-01 4.076e-04 2.501e-04 1.262e-03 -1.000 2.884e-03 -0.533 -0.495 -0.015 -1.127 0.907 -0.122 -1.935 -2.461 -2.533
0.00270 5.00e+09 1.1076353788    1.057  2.144  3.6826  2.000    7  0.000  0.432     0.00     0.00 -1         0      0.00 7.215e-01 2.756e-01 4.076e-04 2.501e-04 1.262e-03 -1.000 2.884e-03 -0.590 -0.548 -0.062 -1.184 0.874 -0.170 -2.000 -2.532 -2.606
0.00270 5.00e+09 1.1076388359    1.057  2.189  3.6787  1.940    7  0.000  0.432     0.00     0.00 -1         0      0.00 7.215e-01 2.756e-01 4.076e-04 2.501e-04 1.262e-03 -1.000 2.884e-03 -0.702 -0.648 -0.151 -1.293 0.811 -0.261 -2.125 -2.668 -2.745
0.00270 5.00e+09 1.1076437235    1.057  2.239  3.6744  1.873    7  0.000  0.432     0.00     0.00 -1         0      0.00 7.215e-01 2.756e-01 4.076e-04 2.501e-04 1.262e-03 -1.000 2.884e-03 -0.826 -0.759 -0.250 -1.414 0.742 -0.361 -2.262 -2.819 -2.898
0.00270 5.00e+09 1.1076670885    1.057  2.210  3.6771  1.913    7  0.000  0.432     0.00     0.00 -1         0      0.00 7.215e-01 2.756e-01 4.076e-04 2.501e-04 1.262e-03 -1.000 2.884e-03 -0.754 -0.695 -0.194 -1.344 0.780 -0.304 -2.182 -2.730 -2.808
0.00270 5.00e+09 1.1078093052    1.057  2.223  3.6757  1.894    7  0.000  0.432     0.00     0.00 -1         0      0.00 7.215e-01 2.756e-01 4.075e-04 2.502e-04 1.262e-03 -1.000 2.884e-03 -0.787 -0.724 -0.218 -1.376 0.764 -0.329 -2.219 -2.772 -2.851
0.00270 5.00e+09 1.1078732014    1.058  2.266  3.6719  1.835    7  0.000  0.432     0.00     0.00 -1         0      0.00 7.215e-01 2.756e-01 4.075e-04 2.502e-04 1.262e-03 -1.000 2.884e-03 -0.896 -0.820 -0.304 -1.481 0.706 -0.415 -2.340 -2.904 -2.985
0.00270 5.00e+09 1.1079312563    1.058  2.311  3.6680  1.775    7  0.000  0.432     0.00     0.00 -1         0      0.00 7.215e-01 2.756e-01 4.075e-04 2.502e-04 1.262e-03 -1.000 2.884e-03 -1.008 -0.920 -0.393 -1.590 0.645 -0.505 -2.465 -3.040 -3.124
0.00270 5.00e+09 1.1079795361    1.058  2.353  3.6644  1.719    7  0.000  0.432     0.00     0.00 -1         0      0.00 7.215e-01 2.756e-01 4.074e-04 2.503e-04 1.262e-03 -1.000 2.884e-03 -1.113 -1.013 -0.475 -1.690 0.589 -0.588 -2.581 -3.167 -3.254
0.00270 5.00e+09 1.1080218554    1.058  2.395  3.6609  1.663    7  0.000  0.431     0.00     0.00 -1         0      0.00 7.215e-01 2.756e-01 4.074e-04 2.503e-04 1.262e-03 -1.000 2.884e-03 -1.218 -1.105 -0.556 -1.790 0.535 -0.669 -2.696 -3.293 -3.382
0.00270 5.00e+09 1.1080589294    1.058  2.437  3.6573  1.607    7  0.000  0.431     0.00     0.00 -1         0      0.00 7.215e-01 2.756e-01 4.074e-04 2.503e-04 1.262e-03 -1.000 2.884e-03 -1.322 -1.196 -0.636 -1.890 0.482 -0.750 -2.811 -3.419 -3.511
0.00270 5.00e+09 1.1080911160    1.058  2.478  3.6538  1.552    7  0.000  0.431     0.00     0.00 -1         0      0.00 7.215e-01 2.756e-01 4.074e-04 2.503e-04 1.262e-03 -1.000 2.880e-03 -1.424 -1.286 -0.715 -1.988 0.431 -0.830 -2.924 -3.542 -3.637
0.00270 5.00e+09 1.1081197262    1.058  2.518  3.6503  1.497    7  0.000  0.431     0.00     0.00 -1         0      0.00 7.215e-01 2.756e-01 4.073e-04 2.503e-04 1.262e-03 -1.000 2.872e-03 -1.526 -1.371 -0.788 -2.082 0.385 -0.903 -3.034 -3.664 -3.762
0.00270 5.00e+09 1.1081453562    1.058  2.559  3.6468  1.443    7  0.000  0.431     0.00     0.00 -1         0      0.00 7.215e-01 2.756e-01 4.072e-04 2.504e-04 1.262e-03 -1.000 2.869e-03 -1.627 -1.456 -0.860 -2.176 0.344 -0.975 -3.145 -3.784 -3.886
0.00270 5.00e+09 1.1081684828    1.058  2.598  3.6434  1.390    7  0.000  0.430     0.00     0.00 -1         0      0.00 7.215e-01 2.756e-01 4.066e-04 2.508e-04 1.262e-03 -1.000 2.872e-03 -1.726 -1.540 -0.930 -2.268 0.304 -1.045 -3.253 -3.903 -4.009
0.00270 5.00e+09 1.1081898212    1.058  2.638  3.6399  1.336    7  0.000  0.429     0.00     0.00 -1         0      0.00 7.215e-01 2.756e-01 4.055e-04 2.518e-04 1.262e-03 -1.000 2.879e-03 -1.826 -1.623 -1.001 -2.361 0.266 -1.115 -3.363 -4.023 -4.132
0.00270 5.00e+09 1.1082093716    1.058  2.678  3.6366  1.283    7  0.000  0.427     0.00     0.00 -1         0      0.00 7.215e-01 2.756e-01 4.038e-04 2.535e-04 1.262e-03 -1.000 2.896e-03 -1.924 -1.703 -1.067 -2.450 0.233 -1.180 -3.469 -4.139 -4.253
0.00270 5.00e+09 1.1082279682    1.058  2.717  3.6332  1.231    7  0.000  0.424     0.00     0.00 -1         0      0.00 7.214e-01 2.757e-01 4.015e-04 2.561e-04 1.262e-03 -1.000 2.916e-03 -2.021 -1.783 -1.133 -2.539 0.202 -1.244 -3.575 -4.255 -4.373
0.00270 5.00e+09 1.1082457304    1.058  2.756  3.6297  1.178    7  0.000  0.421     0.00     0.00 -1         0      0.00 7.214e-01 2.757e-01 3.992e-04 2.590e-04 1.262e-03 -1.000 2.900e-03 -2.119 -1.862 -1.198 -2.628 0.171 -1.308 -3.681 -4.372 -4.494
0.00270 5.00e+09 1.1082621813    1.058  2.795  3.6263  1.125    7  0.000  0.419     0.00     0.00 -1         0      0.00 7.214e-01 2.757e-01 3.968e-04 2.619e-04 1.262e-03 -1.000 2.869e-03 -2.217 -1.941 -1.263 -2.717 0.142 -1.372 -3.788 -4.489 -4.615
0.00270 5.00e+09 1.1082779169    1.058  2.833  3.6230  1.074    7  0.000  0.417     0.00     0.00 -1         0      0.00 7.214e-01 2.757e-01 3.948e-04 2.644e-04 1.262e-03 -1.000 2.877e-03 -2.312 -2.016 -1.323 -2.801 0.118 -1.430 -3.890 -4.601 -4.732
0.00270 5.00e+09 1.1082938910    1.058  2.871  3.6196  1.022    7  0.000  0.415     0.00     0.00 -1         0      0.00 7.214e-01 2.757e-01 3.930e-04 2.666e-04 1.262e-03 -1.000 2.881e-03 -2.408 -2.091 -1.382 -2.886 0.094 -1.488 -3.993 -4.715 -4.851
0.00270 5.00e+09 1.1083097458    1.058  2.911  3.6161  0.968    7  0.000  0.413     0.00     0.00 -1         0      0.00 7.214e-01 2.757e-01 3.915e-04 2.684e-04 1.262e-03 -1.000 2.874e-03 -2.507 -2.168 -1.442 -2.974 0.076 -1.545 -4.099 -4.833 -4.973
0.00270 5.00e+09 1.1083238125    1.058  2.952  3.6124  0.912    7  0.000  0.412     0.00     0.00 -1         0      0.00 7.214e-01 2.757e-01 3.901e-04 2.701e-04 1.262e-03 -1.000 2.869e-03 -2.610 -2.248 -1.503 -3.065 0.060 -1.603 -4.211 -4.956 -5.102
0.00270 5.00e+09 1.1083333492    1.058  2.993  3.6087  0.856    7  0.000  0.410     0.00     0.00 -1         0      0.00 7.214e-01 2.757e-01 3.890e-04 2.716e-04 1.262e-03 -1.000 2.869e-03 -2.713 -2.325 -1.559 -3.153 0.048 -1.656 -4.320 -5.078 -5.229
0.00270 5.00e+09 1.1083401442    1.058  3.029  3.6054  0.807    7  0.000  0.409     0.00     0.00 -1         0      0.00 7.214e-01 2.757e-01 3.880e-04 2.727e-04 1.262e-03 -1.000 2.902e-03 -2.803 -2.392 -1.608 -3.231 0.038 -1.702 -4.417 -5.185 -5.341
0.00270 5.00e+09 1.1083464622    1.058  3.065  3.6021  0.758    7  0.000  0.409     0.00     0.00 -1         0      0.00 7.214e-01 2.758e-01 3.872e-04 2.737e-04 1.262e-03 -1.000 2.886e-03 -2.893 -2.459 -1.657 -3.308 0.029 -1.748 -4.513 -5.292 -5.453
0.00270 5.00e+09 1.1083519459    1.058  3.100  3.5989  0.710    7  0.000  0.408     0.00     0.00 -1         0      0.00 7.213e-01 2.758e-01 3.866e-04 2.744e-04 1.262e-03 -1.000 2.900e-03 -2.980 -2.523 -1.704 -3.382 0.022 -1.791 -4.606 -5.396 -5.562
0.00270 5.00e+09 1.1083571911    1.058  3.136  3.5956  0.661    7  0.000  0.408     0.00     0.00 -1         0      0.00 7.213e-01 2.758e-01 3.861e-04 2.751e-04 1.262e-03 -1.000 2.901e-03 -3.069 -2.587 -1.748 -3.457 0.017 -1.832 -4.701 -5.502 -5.673
0.00270 5.00e+09 1.1083621979    1.058  3.171  3.5923  0.613    7  0.000  0.407     0.00     0.00 -1         0      0.00 7.213e-01 2.758e-01 3.858e-04 2.754e-04 1.262e-03 -1.000 2.901e-03 -3.158 -2.650 -1.791 -3.530 0.014 -1.871 -4.795 -5.607 -5.784
0.00270 5.00e+09 1.1083662510    1.058  3.206  3.5890  0.564    7  0.000  0.407     0.00     0.00 -1         0      0.00 7.213e-01 2.758e-01 3.857e-04 2.755e-04 1.262e-03 -1.000 2.901e-03 -3.246 -2.712 -1.832 -3.603 0.012 -1.908 -4.889 -5.712 -5.894
0.00270 5.00e+09 1.1083676815    1.058  3.215  3.5881  0.552    7  0.000  0.407     0.00     0.00 -1         0      0.00 7.213e-01 2.758e-01 3.855e-04 2.758e-04 1.262e-03 -1.000 2.901e-03 -3.268 -2.727 -1.843 -3.621 0.012 -1.917 -4.912 -5.739 -5.922
0.00270 5.00e+09 1.1083679199    1.058  3.202  3.5895  0.571    7  0.000  0.407     0.00     0.00 -1         0      0.00 7.213e-01 2.758e-01 3.855e-04 2.758e-04 1.262e-03 -1.000 2.901e-03 -3.234 -2.704 -1.828 -3.594 0.011 -1.904 -4.876 -5.698 -5.879
0.00270 5.00e+09 1.1083680391    1.058  3.131  3.5961  0.668    7  0.000  0.407     0.00     0.00 -1         0      0.00 7.213e-01 2.758e-01 3.855e-04 2.758e-04 1.262e-03 -1.000 2.901e-03 -3.058 -2.579 -1.743 -3.447 0.017 -1.827 -4.688 -5.488 -5.658
0.00270 5.00e+09 1.1083681583    1.058  3.197  3.5900  0.577    7  0.000  0.407     0.00     0.00 -1         0      0.00 7.213e-01 2.758e-01 3.855e-04 2.758e-04 1.262e-03 -1.000 2.901e-03 -3.223 -2.696 -1.822 -3.584 0.010 -1.899 -4.864 -5.684 -5.864
0.00270 5.00e+09 1.1083682775    1.058  3.185  3.5911  0.594    7  0.000  0.407     0.00     0.00 -1         0      0.00 7.213e-01 2.758e-01 3.855e-04 2.758e-04 1.262e-03 -1.000 2.901e-03 -3.192 -2.675 -1.808 -3.559 0.011 -1.887 -4.831 -5.647 -5.826
0.00270 5.00e+09 1.1083685160    1.058  3.198  3.5899  0.576    7  0.000  0.407     0.00     0.00 -1         0      0.00 7.213e-01 2.758e-01 3.855e-04 2.758e-04 1.262e-03 -1.000 2.901e-03 -3.225 -2.697 -1.823 -3.586 0.010 -1.900 -4.866 -5.686 -5.866
0.00270 5.00e+09 1.1083687544    1.058  3.212  3.5885  0.556    7  0.000  0.407     0.00     0.00 -1         0      0.00 7.213e-01 2.758e-01 3.855e-04 2.758e-04 1.262e-03 -1.000 2.901e-03 -3.260 -2.722 -1.839 -3.615 0.011 -1.915 -4.903 -5.729 -5.911
0.00270 5.00e+09 1.1083688736    1.058  3.222  3.5875  0.543    7  0.000  0.407     0.00     0.00 -1         0      0.00 7.213e-01 2.758e-01 3.855e-04 2.758e-04 1.262e-03 -1.000 2.901e-03 -3.285 -2.739 -1.850 -3.635 0.012 -1.924 -4.929 -5.758 -5.942
0.00270 5.00e+09 1.1083692312    1.058  3.236  3.5862  0.524    7  0.000  0.407     0.00     0.00 -1         0      0.00 7.213e-01 2.758e-01 3.855e-04 2.759e-04 1.262e-03 -1.000 2.901e-03 -3.319 -2.762 -1.865 -3.663 0.012 -1.938 -4.966 -5.799 -5.985
0.00270 5.00e+09 1.1083697081    1.058  3.255  3.5841  0.496    7  0.000  0.407     0.00     0.00 -1         0      0.00 7.213e-01 2.758e-01 3.851e-04 2.764e-04 1.262e-03 -1.000 2.870e-03 -3.369 -2.796 -1.886 -3.703 0.016 -1.956 -5.019 -5.859 -6.048
0.00270 5.00e+09 1.1083701849    1.058  3.277  3.5819  0.465    7  0.000  0.406     0.00     0.00 -1         0      0.00 7.213e-01 2.758e-01 3.848e-04 2.769e-04 1.262e-03 -1.000 2.870e-03 -3.423 -2.830 -1.904 -3.745 0.026 -1.970 -5.077 -5.924 -6.117
0.00270 5.00e+09 1.1083711386    1.058  3.311  3.5784  0.417    7  0.000  0.406     0.00     0.00 -1         0      0.00 7.213e-01 2.758e-01 3.843e-04 2.775e-04 1.261e-03 -1.000 2.870e-03 -3.508 -2.884 -1.930 -3.811 0.040 -1.991 -5.168 -6.026 -6.225
0.00270 5.00e+09 1.1083723307    1.058  3.353  3.5741  0.358    7  0.000  0.405     0.00     0.00 -1         0      0.00 7.213e-01 2.759e-01 3.839e-04 2.782e-04 1.261e-03 -1.000 2.869e-03 -3.613 -2.950 -1.963 -3.893 0.060 -2.016 -5.281 -6.153 -6.359
0.00270 5.00e+09 1.1083738804    1.058  3.383  3.5710  0.316    7  0.536  0.405     0.00     0.00 -1         0      0.00 7.213e-01 2.759e-01 3.836e-04 2.786e-04 1.261e-03 -1.000 2.881e-03 -3.687 -2.996 -1.984 -3.950 0.076 -2.032 -5.361 -6.242 -6.454
0.00270 5.00e+09 1.1083739996    1.058  3.383  3.5692  0.308    8  0.536  0.425    89.66    48.26  1 -2.31e-07      0.00 7.213e-01 2.758e-01 4.039e-04 2.789e-04 1.265e-03 -1.000 2.910e-03 -3.687 -2.980 -1.955 -3.940 0.117 -2.000 -5.364 -6.251 -6.465
0.00270 5.00e+09 1.1083741188    1.057  3.175  3.5896  0.597    8  0.536  0.426    48.04    28.14  1  -9.8e-08      0.00 7.213e-01 2.758e-01 4.039e-04 2.789e-04 1.265e-03 -1.000 2.910e-03 -3.167 -2.638 -1.765 -3.527 0.063 -1.841 -4.808 -5.630 -5.811
0.00270 5.00e+09 1.1083743572    1.057  3.057  3.6011  0.762    8  0.536  0.426    33.71    20.71  1  -6.3e-08      0.00 7.213e-01 2.758e-01 4.039e-04 2.789e-04 1.265e-03 -1.000 2.910e-03 -2.872 -2.431 -1.625 -3.282 0.067 -1.715 -4.493 -5.276 -5.438
0.00270 5.00e+09 1.1083747149    1.055  2.863  3.6200  1.030    8  0.536  0.426    18.89    12.55  1 -3.31e-08      0.00 7.213e-01 2.758e-01 4.039e-04 2.789e-04 1.265e-03 -1.000 2.910e-03 -2.388 -2.074 -1.367 -2.868 0.104 -1.473 -3.972 -4.693 -4.828
0.00270 5.00e+09 1.1083753109    1.053  2.874  3.6189  1.014    8  0.536  0.426    19.56    12.93  1 -3.43e-08      0.00 7.213e-01 2.758e-01 4.039e-04 2.789e-04 1.265e-03 -1.000 2.910e-03 -2.415 -2.094 -1.382 -2.891 0.102 -1.487 -4.001 -4.726 -4.862
0.00270 5.00e+09 1.1083760262    1.050  2.983  3.6081  0.861    8  0.536  0.426    27.22    17.19  1  -4.9e-08      0.00 7.213e-01 2.758e-01 4.039e-04 2.789e-04 1.265e-03 -1.000 2.910e-03 -2.687 -2.295 -1.527 -3.125 0.083 -1.624 -4.295 -5.055 -5.207
0.00270 5.00e+09 1.1083769798    1.046  3.141  3.5923  0.637    8  0.536  0.426    44.02    26.03  1 -8.71e-08      0.00 7.213e-01 2.758e-01 4.039e-04 2.789e-04 1.265e-03 -1.000 2.910e-03 -3.083 -2.576 -1.718 -3.455 0.077 -1.798 -4.719 -5.533 -5.709
0.00270 5.00e+09 1.1083780527    1.042  3.278  3.5785  0.444    8  0.537  0.426    66.78    37.28  1 -1.51e-07      0.00 7.213e-01 2.758e-01 4.039e-04 2.789e-04 1.265e-03 -1.000 2.910e-03 -3.425 -2.804 -1.855 -3.729 0.102 -1.916 -5.084 -5.943 -6.141
0.00270 5.00e+09 1.1083793640    1.037  3.369  3.5693  0.314    8  0.537  0.426    88.32    47.43  1 -2.22e-07      0.00 7.213e-01 2.758e-01 4.039e-04 2.789e-04 1.265e-03 -1.000 2.910e-03 -3.652 -2.945 -1.922 -3.905 0.147 -1.967 -5.328 -6.215 -6.429
0.00270 5.00e+09 1.1083807945    1.032  3.419  3.5640  0.241    8  0.538  0.426   103.45    54.31  1 -2.78e-07      0.00 7.213e-01 2.758e-01 4.039e-04 2.789e-04 1.265e-03 -1.000 2.910e-03 -3.777 -3.014 -1.937 -3.996 0.179 -1.976 -5.464 -6.366 -6.588
0.00270 5.00e+09 1.1083824635    1.025  3.445  3.5610  0.200    8  0.538  0.426   112.81    58.45  1 -3.14e-07      0.00 7.213e-01 2.758e-01 4.039e-04 2.789e-04 1.265e-03 -1.000 2.910e-03 -3.842 -3.047 -1.941 -4.042 0.203 -1.975 -5.535 -6.445 -6.672
0.00270 5.00e+09 1.1083842516    1.019  3.462  3.5588  0.171    8  0.539  0.425   119.97    61.55  1 -3.42e-07      0.00 7.213e-01 2.758e-01 4.039e-04 2.789e-04 1.265e-03 -1.000 2.910e-03 -3.885 -3.068 -1.939 -4.071 0.224 -1.970 -5.582 -6.499 -6.729
0.00270 5.00e+09 1.1083843708    1.018  3.315  3.5735  0.377    8  0.539  0.426    76.90    41.90  1  -1.8e-07      0.00 7.213e-01 2.758e-01 4.039e-04 2.789e-04 1.265e-03 -1.000 2.910e-03 -3.517 -2.850 -1.862 -3.794 0.154 -1.915 -5.185 -6.059 -6.266
0.00270 5.00e+09 1.1083844900    1.017  3.145  3.5905  0.615    8  0.539  0.426    46.08    26.90  1  -9.1e-08      0.00 7.213e-01 2.758e-01 4.039e-04 2.789e-04 1.265e-03 -1.000 2.910e-03 -3.092 -2.570 -1.703 -3.456 0.112 -1.781 -4.731 -5.550 -5.729
0.00270 5.00e+09 1.1083849669    1.015  2.950  3.6100  0.886    8  0.539  0.426    25.64    16.20  1 -4.54e-08      0.00 7.213e-01 2.758e-01 4.039e-04 2.789e-04 1.265e-03 -1.000 2.910e-03 -2.605 -2.227 -1.469 -3.051 0.119 -1.567 -4.210 -4.963 -5.112
0.00270 5.00e+09 1.1083854437    1.012  2.959  3.6090  0.872    8  0.539  0.426    26.42    16.62  1 -4.69e-08      0.00 7.213e-01 2.758e-01 4.039e-04 2.789e-04 1.265e-03 -1.000 2.910e-03 -2.627 -2.242 -1.479 -3.069 0.120 -1.577 -4.234 -4.991 -5.141
0.00270 5.00e+09 1.1083861589    1.008  3.064  3.5984  0.723    8  0.539  0.426    36.42    21.91  1 -6.79e-08      0.00 7.213e-01 2.758e-01 4.039e-04 2.789e-04 1.265e-03 -1.000 2.910e-03 -2.889 -2.428 -1.608 -3.289 0.118 -1.695 -4.515 -5.308 -5.474
0.00270 5.00e+09 1.1083869934    1.003  3.216  3.5828  0.507    8  0.540  0.426    58.06    32.75  1 -1.22e-07      0.00 7.213e-01 2.758e-01 4.039e-04 2.789e-04 1.265e-03 -1.000 2.910e-03 -3.270 -2.687 -1.771 -3.597 0.134 -1.839 -4.921 -5.766 -5.957
0.00270 5.00e+09 1.1083880663    0.998  3.346  3.5693  0.321    8  0.540  0.426    86.74    46.27  1 -2.11e-07      0.00 7.213e-01 2.758e-01 4.039e-04 2.789e-04 1.265e-03 -1.000 2.910e-03 -3.595 -2.889 -1.867 -3.848 0.198 -1.913 -5.270 -6.158 -6.371
0.00270 5.00e+09 1.1083891392    0.991  3.430  3.5604  0.198    8  0.541  0.426   113.00    58.07  1 -3.08e-07      0.00 7.213e-01 2.758e-01 4.039e-04 2.789e-04 1.265e-03 -1.000 2.910e-03 -3.806 -3.006 -1.894 -4.002 0.252 -1.927 -5.500 -6.412 -6.639
0.00270 5.00e+09 1.1083905697    0.984  3.474  3.5555  0.131    8  0.541  0.426   130.41    65.60  1 -3.78e-07      0.00 7.213e-01 2.758e-01 4.039e-04 2.789e-04 1.265e-03 -1.000 2.910e-03 -3.915 -3.062 -1.898 -4.079 0.289 -1.925 -5.619 -6.545 -6.780
0.00270 5.00e+09 1.1083920002    0.976  3.494  3.5530  0.097    8  0.542  0.426   140.07    69.64  0 -4.19e-07      0.00 7.213e-01 2.758e-01 4.039e-04 2.789e-04 1.265e-03 -1.000 2.910e-03 -3.965 -3.079 -1.879 -4.108 0.316 -1.904 -5.675 -6.606 -6.846
0.00270 5.00e+09 1.1083936691    0.967  3.505  3.5513  0.076    8  0.543  0.425   146.59    72.26  0 -4.45e-07      0.00 7.213e-01 2.758e-01 4.039e-04 2.789e-04 1.265e-03 -1.000 2.910e-03 -3.992 -3.085 -1.861 -4.122 0.338 -1.885 -5.707 -6.641 -6.883
0.00270 5.00e+09 1.1083937883    0.967  3.369  3.5654  0.269    8  0.543  0.426    96.73    50.44  1 -2.43e-07      0.00 7.213e-01 2.758e-01 4.039e-04 2.789e-04 1.265e-03 -1.000 2.910e-03 -3.651 -2.904 -1.844 -3.880 0.256 -1.884 -5.335 -6.233 -6.453
0.00270 5.00e+09 1.1083940268    0.965  3.200  3.5828  0.505    8  0.543  0.426    58.03    32.41  1 -1.21e-07      0.00 7.213e-01 2.758e-01 4.039e-04 2.789e-04 1.265e-03 -1.000 2.910e-03 -3.231 -2.649 -1.733 -3.558 0.173 -1.801 -4.882 -5.728 -5.919
0.00270 5.00e+09 1.1083945036    0.961  3.006  3.6030  0.778    8  0.543  0.426    32.19    19.45  1 -5.88e-08      0.00 7.213e-01 2.758e-01 4.039e-04 2.789e-04 1.265e-03 -1.000 2.910e-03 -2.746 -2.318 -1.522 -3.164 0.152 -1.613 -4.364 -5.141 -5.300
0.00270 5.00e+09 1.1083950996    0.956  3.016  3.6019  0.763    8  0.543  0.426    33.28    20.00  1 -6.12e-08      0.00 7.213e-01 2.758e-01 4.039e-04 2.789e-04 1.265e-03 -1.000 2.910e-03 -2.769 -2.334 -1.532 -3.183 0.154 -1.622 -4.389 -5.170 -5.331
0.00270 5.00e+09 1.1083958149    0.950  3.119  3.5911  0.613    8  0.544  0.426    45.90    26.36  1    -9e-08      0.00 7.213e-01 2.758e-01 4.039e-04 2.789e-04 1.265e-03 -1.000 2.910e-03 -3.027 -2.510 -1.645 -3.393 0.168 -1.723 -4.665 -5.482 -5.660
0.00270 5.00e+09 1.1083968878    0.942  3.267  3.5753  0.398    8  0.544  0.426    72.95    39.25  1 -1.64e-07      0.00 7.213e-01 2.758e-01 4.039e-04 2.789e-04 1.265e-03 -1.000 2.910e-03 -3.398 -2.748 -1.773 -3.685 0.224 -1.829 -5.063 -5.932 -6.136
0.00270 5.00e+09 1.1083979607    0.933  3.394  3.5617  0.213    8  0.545  0.426   108.77    55.29  1 -2.86e-07      0.00 7.213e-01 2.758e-01 4.039e-04 2.789e-04 1.265e-03 -1.000 2.910e-03 -3.715 -2.929 -1.829 -3.920 0.306 -1.865 -5.407 -6.315 -6.540
0.00270 5.00e+09 1.1083993912    0.923  3.476  3.5526  0.089    8  0.545  0.426   141.80    69.31  0  -4.2e-07      0.00 7.213e-01 2.758e-01 4.039e-04 2.789e-04 1.265e-03 -1.000 2.910e-03 -3.921 -3.030 -1.825 -4.061 0.373 -1.849 -5.632 -6.564 -6.803
0.00270 5.00e+09 1.1084009409    0.911  3.519  3.5476  0.021    8  0.546  0.426   164.23    78.40  0 -5.22e-07      0.00 7.213e-01 2.758e-01 4.039e-04 2.789e-04 1.265e-03 -1.000 2.910e-03 -4.028 -3.072 -1.794 -4.128 0.420 -1.814 -5.751 -6.695 -6.942
0.00270 5.00e+09 1.1084026098    0.899  3.539  3.5450 -0.015    8  0.547  0.426   177.46    83.47  0 -5.84e-07      0.00 7.213e-01 2.758e-01 4.039e-04 2.789e-04 1.265e-03 -1.000 2.910e-03 -4.077 -3.087 -1.769 -4.155 0.454 -1.786 -5.807 -6.756 -7.008
0.00270 5.00e+09 1.1084045172    0.885  3.550  3.5432 -0.040    8  0.548  0.425   187.12    86.94  0  -6.3e-07      0.00 7.213e-01 2.758e-01 4.039e-04 2.789e-04 1.265e-03 -1.000 2.910e-03 -4.105 -3.091 -1.745 -4.168 0.484 -1.760 -5.840 -6.793 -7.047
0.00270 5.00e+09 1.1084046364    0.884  3.428  3.5565  0.134    8  0.548  0.426   128.40    62.76  0 -3.63e-07      0.00 7.213e-01 2.758e-01 4.039e-04 2.789e-04 1.265e-03 -1.000 2.910e-03 -3.801 -2.959 -1.805 -3.971 0.381 -1.833 -5.503 -6.425 -6.660
0.00270 5.00e+09 1.1084048748    0.881  3.263  3.5747  0.371    8  0.548  0.426    76.98    40.28  1 -1.79e-07      0.00 7.213e-01 2.758e-01 4.039e-04 2.789e-04 1.265e-03 -1.000 2.910e-03 -3.387 -2.729 -1.748 -3.670 0.265 -1.802 -5.054 -5.923 -6.128
0.00270 5.00e+09 1.1084053516    0.876  3.069  3.5962  0.648    8  0.549  0.426    42.33    23.98  1  -8.5e-08      0.00 7.213e-01 2.758e-01 4.039e-04 2.789e-04 1.265e-03 -1.000 2.910e-03 -2.903 -2.424 -1.588 -3.293 0.179 -1.672 -4.534 -5.332 -5.503
0.00270 5.00e+09 1.1084059477    0.869  3.079  3.5958  0.633    8  0.549  0.426    43.70    24.58  1 -8.98e-08      0.00 7.213e-01 2.758e-01 4.039e-04 2.789e-04 1.265e-03 -1.000 2.910e-03 -2.927 -2.444 -1.604 -3.315 0.171 -1.688 -4.559 -5.359 -5.530
0.00270 5.00e+09 1.1084067822    0.860  3.179  3.5855  0.487    8  0.549  0.426    59.85    32.15  1 -1.35e-07      0.00 7.213e-01 2.758e-01 4.039e-04 2.789e-04 1.265e-03 -1.000 2.910e-03 -3.178 -2.615 -1.711 -3.518 0.186 -1.782 -4.827 -5.661 -5.849
0.00270 5.00e+09 1.1084077358    0.849  3.322  3.5706  0.279    8  0.550  0.426    93.83    47.21  1 -2.51e-07      0.00 7.213e-01 2.758e-01 4.039e-04 2.789e-04 1.265e-03 -1.000 2.910e-03 -3.536 -2.839 -1.820 -3.797 0.263 -1.865 -5.212 -6.094 -6.307
0.00270 5.00e+09 1.1084089279    0.836  3.445  3.5580  0.100    8  0.551  0.426   137.99    65.53  0 -4.44e-07      0.00 7.213e-01 2.758e-01 4.039e-04 2.789e-04 1.265e-03 -1.000 2.910e-03 -3.842 -3.011 -1.865 -4.021 0.336 -1.893 -5.543 -6.459 -6.693
0.00270 5.00e+09 1.1084103584    0.822  3.524  3.5502 -0.018    8  0.551  0.426   177.87    81.05  0 -6.62e-07      0.00 7.213e-01 2.758e-01 4.039e-04 2.789e-04 1.265e-03 -1.000 2.910e-03 -4.039 -3.112 -1.858 -4.158 0.386 -1.877 -5.760 -6.694 -6.940
0.00270 5.00e+09 1.1084119081    0.805  3.565  3.5467 -0.082    8  0.552  0.426   204.17    90.57  0 -8.39e-07      0.00 7.213e-01 2.758e-01 4.039e-04 2.789e-04 1.265e-03 -1.000 2.910e-03 -4.143 -3.167 -1.855 -4.233 0.409 -1.868 -5.874 -6.814 -7.066
0.00270 5.00e+09 1.1084136963    0.788  3.584  3.5458 -0.115    8  0.553  0.426   219.05    95.31  0 -9.65e-07      0.00 7.213e-01 2.758e-01 4.039e-04 2.789e-04 1.265e-03 -1.000 2.910e-03 -4.190 -3.201 -1.869 -4.272 0.408 -1.881 -5.925 -6.866 -7.121
0.00270 5.00e+09 1.1084156036    0.768  3.595  3.5459 -0.136    8  0.554  0.425   229.54    98.06  0 -1.08e-06      0.00 7.213e-01 2.758e-01 4.039e-04 2.789e-04 1.265e-03 -1.000 2.910e-03 -4.218 -3.228 -1.893 -4.300 0.396 -1.903 -5.954 -6.893 -7.148
0.00270 5.00e+09 1.1084157228    0.767  3.489  3.5583  0.019    8  0.555  0.426   164.25    73.37  0 -6.64e-07      0.00 7.213e-01 2.758e-01 4.039e-04 2.789e-04 1.265e-03 -1.000 2.910e-03 -3.952 -3.120 -1.965 -4.133 0.276 -1.990 -5.657 -6.569 -6.804
0.00270 5.00e+09 1.1084159613    0.763  3.326  3.5779  0.258    8  0.555  0.426    98.14    46.90  1 -3.29e-07      0.00 7.213e-01 2.758e-01 4.039e-04 2.789e-04 1.265e-03 -1.000 2.910e-03 -3.545 -2.907 -1.929 -3.846 0.123 -1.984 -5.215 -6.067 -6.271
0.00270 5.00e+09 1.1084163189    0.757  3.133  3.6015  0.542    8  0.555  0.426    53.22    27.52  1 -1.55e-07      0.00 7.213e-01 2.758e-01 4.039e-04 2.789e-04 1.265e-03 -1.000 2.910e-03 -3.063 -2.618 -1.796 -3.478 -0.028 -1.885 -4.693 -5.467 -5.633
0.00270 5.00e+09 1.1084169149    0.749  3.143  3.6027  0.532    8  0.555  0.426    54.42    27.88  1 -1.68e-07      0.00 7.213e-01 2.758e-01 4.039e-04 2.789e-04 1.265e-03 -1.000 2.910e-03 -3.087 -2.650 -1.832 -3.507 -0.070 -1.923 -4.717 -5.485 -5.650
0.00270 5.00e+09 1.1084176302    0.738  3.241  3.5945  0.395    8  0.556  0.426    73.21    35.74  1  -2.6e-07      0.00 7.213e-01 2.758e-01 4.039e-04 2.789e-04 1.265e-03 -1.000 2.910e-03 -3.331 -2.830 -1.959 -3.716 -0.077 -2.037 -4.978 -5.771 -5.950
0.00270 5.00e+09 1.1084185839    0.724  3.379  3.5823  0.200    8  0.556  0.426   111.68    50.93  0 -4.95e-07      0.00 7.213e-01 2.758e-01 4.039e-04 2.789e-04 1.265e-03 -1.000 2.910e-03 -3.677 -3.072 -2.113 -4.001 -0.057 -2.171 -5.346 -6.178 -6.377
0.00270 5.00e+09 1.1084196568    0.709  3.496  3.5730  0.037    8  0.557  0.426   159.55    68.34  0 -8.97e-07      0.00 7.213e-01 2.758e-01 4.039e-04 2.789e-04 1.265e-03 -1.000 2.910e-03 -3.970 -3.279 -2.241 -4.243 -0.053 -2.282 -5.657 -6.517 -6.733
0.00270 5.00e+09 1.1084209681    0.692  3.572  3.5691 -0.066    8  0.558  0.426   200.03    81.58  0 -1.38e-06      0.00 7.213e-01 2.758e-01 4.039e-04 2.789e-04 1.265e-03 -1.000 2.910e-03 -4.161 -3.427 -2.346 -4.410 -0.082 -2.376 -5.858 -6.726 -6.951
0.00270 5.00e+09 1.1084223986    0.672  3.612  3.5701 -0.115    8  0.559  0.426   223.87    87.77  0 -1.83e-06      0.00 7.213e-01 2.758e-01 4.039e-04 2.789e-04 1.265e-03 -1.000 2.910e-03 -4.261 -3.532 -2.448 -4.516 -0.159 -2.476 -5.961 -6.822 -7.047
0.00270 5.00e+09 1.1084240675    0.651  3.631  3.5741 -0.131    8  0.560  0.426   234.87    88.53  0 -2.22e-06      0.00 7.213e-01 2.758e-01 4.039e-04 2.789e-04 1.265e-03 -1.000 2.910e-03 -4.308 -3.613 -2.551 -4.586 -0.277 -2.584 -6.006 -6.850 -7.070
0.00270 5.00e+09 1.1084258556    0.628  3.642  3.5797 -0.136    8  0.561  0.425   241.84    86.62  0 -2.64e-06      0.00 7.213e-01 2.758e-01 4.039e-04 2.789e-04 1.265e-03 -1.000 2.910e-03 -4.336 -3.688 -2.662 -4.646 -0.420 -2.703 -6.029 -6.851 -7.064
0.00270 5.00e+09 1.1084258556    0.628  3.550  3.5907  0.000    8  0.561  0.426   180.44    67.17  0 -1.73e-06      0.00 7.213e-01 2.758e-01 4.039e-04 2.789e-04 1.265e-03 -1.000 2.910e-03 -4.105 -3.555 -2.614 -4.474 -0.520 -2.677 -5.779 -6.566 -6.760
0.00270 5.00e+09 1.1084259748    0.626  3.389  3.6102  0.239    8  0.561  0.426   108.11    42.97  0  -8.6e-07      0.00 7.213e-01 2.758e-01 4.039e-04 2.789e-04 1.265e-03 -1.000 2.910e-03 -3.702 -3.304 -2.485 -4.160 -0.650 -2.577 -5.342 -6.066 -6.226
0.00270 5.00e+09 1.1084260941    0.624  3.195  3.6340  0.526    8  0.561  0.426    58.34    25.05  1 -3.99e-07      0.00 7.213e-01 2.758e-01 4.039e-04 2.789e-04 1.265e-03 -1.000 2.910e-03 -3.218 -2.976 -2.286 -3.756 -0.779 -2.402 -4.798 -5.454 -5.578
0.00270 5.00e+09 1.1084263325    0.620  3.203  3.6348  0.519    8  0.561  0.426    59.52    25.24  1 -4.22e-07      0.00 7.213e-01 2.758e-01 4.039e-04 2.789e-04 1.265e-03 -1.000 2.910e-03 -3.237 -2.999 -2.312 -3.777 -0.810 -2.428 -4.816 -5.470 -5.592
0.00270 5.00e+09 1.1084266901    0.616  3.295  3.6261  0.388    8  0.561  0.426    79.42    31.94  1 -6.28e-07      0.00 7.213e-01 2.758e-01 4.039e-04 2.789e-04 1.265e-03 -1.000 2.910e-03 -3.469 -3.178 -2.444 -3.985 -0.813 -2.554 -5.074 -5.750 -5.885
0.00270 5.00e+09 1.1084270477    0.610  3.426  3.6134  0.203    8  0.561  0.426   119.53    44.65  0 -1.13e-06      0.00 7.213e-01 2.758e-01 4.039e-04 2.789e-04 1.265e-03 -1.000 2.910e-03 -3.795 -3.417 -2.608 -4.267 -0.785 -2.703 -5.433 -6.143 -6.300
0.00270 5.00e+09 1.1084274054    0.603  3.537  3.6036  0.048    8  0.562  0.426   168.97    58.73  0 -1.92e-06      0.00 7.213e-01 2.758e-01 4.039e-04 2.789e-04 1.265e-03 -1.000 2.910e-03 -4.072 -3.618 -2.747 -4.502 -0.773 -2.827 -5.730 -6.469 -6.644
0.00270 5.00e+09 1.1084278822    0.596  3.607  3.5990 -0.046    8  0.562  0.426   210.94    68.71  0 -2.78e-06      0.00 7.213e-01 2.758e-01 4.039e-04 2.789e-04 1.265e-03 -1.000 2.910e-03 -4.248 -3.757 -2.853 -4.658 -0.797 -2.925 -5.917 -6.669 -6.852
0.00270 5.00e+09 1.1084284782    0.587  3.642  3.5990 -0.087    8  0.562  0.426   237.15    72.26  0 -3.46e-06      0.00 7.213e-01 2.758e-01 4.039e-04 2.789e-04 1.265e-03 -1.000 2.910e-03 -4.336 -3.842 -2.933 -4.746 -0.859 -3.004 -6.008 -6.757 -6.941
0.00270 5.00e+09 1.1084290743    0.578  3.657  3.6019 -0.097    8  0.563  0.426   254.04    70.48  0 -3.95e-06      0.00 7.213e-01 2.758e-01 4.039e-04 2.789e-04 1.265e-03 -1.000 2.910e-03 -4.371 -3.898 -3.001 -4.796 -0.947 -3.076 -6.041 -6.779 -6.959
0.00270 5.00e+09 1.1084297895    0.568  3.663  3.6062 -0.094    8  0.563  0.425   284.51    63.54  0 -4.38e-06      0.00 7.213e-01 2.758e-01 4.039e-04 2.789e-04 1.265e-03 -1.000 2.910e-03 -4.388 -3.945 -3.069 -4.832 -1.053 -3.149 -6.052 -6.774 -6.948
0.00270 5.00e+09 1.1084307432    0.568 -9.999  4.0741  1.909    9  0.568  0.007     0.00     0.00 -1         0      0.00 7.213e-01 2.758e-01 4.039e-04 2.789e-04 1.265e-03 -1.000 2.910e-03 29.767 30.398 30.345 30.452 30.284 30.438 30.563 30.612 30.633
#isochrone terminated
