# File generated by CMD 3.0 (http://stev.oapd.inaf.it/cmd) on Sun Jun 10 02:01:00 CEST 2018
# isochrones PARSEC release v1.2S + COLIBRI release PR16, as in Marigo et al. 2017
# Basic reference: Marigo et al. (2017), ApJ, 835, 77
# Photometric system: Gaia DR2 + Tycho2 + 2MASS (all Vegamags)
# O-rich circumstellar dust ignored
# C-rich circumstellar dust ignored
# Kind of output: isochrone tables
# Zini Age Mini  Mass   logL    logTe  logg  label   McoreTP C_O  period0 period1 pmode  Mloss  tau1m   X   Y   Xc  Xn  Xo  Cexcess  Z 	 mbolmag  Gmag    G_BPmag  G_RPmag  B_Tmag  V_Tmag  Jmag    Hmag    Ksmag
0.01068 5.00e+09 0.0900000036    0.090 -3.395  3.3756  5.242    1  0.000  0.545     0.00     0.00 -1  4.05e-17      0.00 7.204e-01 2.688e-01 1.939e-03 5.231e-04 4.744e-03 -1.000 1.078e-02 13.256 15.280 18.470 13.907 21.553 18.519 11.096 10.502 10.213
0.01068 5.00e+09 0.0957085341    0.096 -3.282  3.3919  5.221    1  0.000  0.545     0.00     0.00 -1  5.21e-17      0.00 7.203e-01 2.689e-01 1.939e-03 5.231e-04 4.744e-03 -1.000 1.078e-02 12.975 14.828 17.824 13.471 20.614 17.828 10.816 10.253 9.971
0.01068 5.00e+09 0.1000000015    0.100 -3.202  3.4035  5.206    1  0.000  0.545     0.00     0.00 -1  6.24e-17      0.00 7.202e-01 2.690e-01 1.939e-03 5.231e-04 4.744e-03 -1.000 1.078e-02 12.775 14.511 17.349 13.169 19.956 17.331 10.626 10.081 9.798
0.01068 5.00e+09 0.1032410413    0.103 -3.155  3.4096  5.197    1  0.000  0.545     0.00     0.00 -1  6.91e-17      0.00 7.201e-01 2.691e-01 1.939e-03 5.231e-04 4.744e-03 -1.000 1.078e-02 12.658 14.336 17.081 13.003 19.596 17.058 10.518 9.979 9.698
0.01068 5.00e+09 0.1200000048    0.120 -2.934  3.4381  5.156    1  0.000  0.545     0.00     0.00 -1  1.12e-16      0.00 7.197e-01 2.695e-01 1.939e-03 5.231e-04 4.744e-03 -1.000 1.078e-02 12.106 13.513 15.840 12.230 18.100 15.808 10.033 9.501 9.237
0.01068 5.00e+09 0.1400000006    0.140 -2.754  3.4570  5.117    1  0.000  0.545     0.00     0.00 -1  1.64e-16      0.00 7.193e-01 2.699e-01 1.939e-03 5.231e-04 4.744e-03 -1.000 1.078e-02 11.654 12.890 14.943 11.649 17.119 14.909 9.637 9.097 8.845
0.01068 5.00e+09 0.1526756883    0.153 -2.661  3.4658  5.098    1  0.000  0.545     0.00     0.00 -1  1.98e-16      0.00 7.191e-01 2.701e-01 1.939e-03 5.231e-04 4.744e-03 -1.000 1.078e-02 11.423 12.591 14.512 11.372 16.609 14.477 9.432 8.891 8.639
0.01068 5.00e+09 0.1599999964    0.160 -2.611  3.4706  5.088    1  0.000  0.545     0.00     0.00 -1   2.2e-16      0.00 7.189e-01 2.703e-01 1.939e-03 5.231e-04 4.744e-03 -1.000 1.078e-02 11.299 12.430 14.280 11.224 16.334 14.244 9.321 8.780 8.528
0.01068 5.00e+09 0.2000000030    0.200 -2.394  3.4893  5.042    1  0.000  0.545     0.00     0.00 -1         0      0.00 7.183e-01 2.709e-01 1.939e-03 5.231e-04 4.744e-03 -1.000 1.078e-02 10.754 11.748 13.356 10.592 15.260 13.318 8.827 8.288 8.037
0.01068 5.00e+09 0.2500000000    0.250 -2.191  3.5043  4.996    1  0.000  0.545     0.00     0.00 -1  5.15e-16      0.00 7.177e-01 2.716e-01 1.939e-03 5.231e-04 4.744e-03 -1.000 1.078e-02 10.246 11.136 12.585 10.021 14.385 12.545 8.357 7.818 7.572
0.01068 5.00e+09 0.3000000119    0.300 -2.028  3.5148  4.955    1  0.000  0.545     0.00     0.00 -1         0      0.00 7.173e-01 2.719e-01 1.939e-03 5.231e-04 4.744e-03 -1.000 1.078e-02 9.841 10.660 12.013 9.572 13.758 11.971 7.976 7.436 7.195
0.01068 5.00e+09 0.3192219138    0.319 -1.967  3.5183  4.934    1  0.000  0.545     0.00     0.00 -1         0      0.00 7.190e-01 2.702e-01 1.939e-03 5.231e-04 4.744e-03 -1.000 1.078e-02 9.687 10.484 11.809 9.405 13.538 11.766 7.830 7.289 7.049
0.01068 5.00e+09 0.3500000238    0.350 -1.874  3.5235  4.902    0  0.000  0.545     0.00     0.00 -1  1.01e-15      0.00 7.209e-01 2.683e-01 1.939e-03 5.231e-04 4.744e-03 -1.000 1.078e-02 9.454 10.218 11.503 9.152 13.208 11.459 7.609 7.066 6.829
0.01068 5.00e+09 0.4000000060    0.400 -1.727  3.5345  4.858    1  0.000  0.545     0.00     0.00 -1  1.39e-15      0.00 7.210e-01 2.683e-01 1.939e-03 5.231e-04 4.744e-03 -1.000 1.078e-02 9.089 9.783 10.986 8.747 12.645 10.941 7.270 6.723 6.490
0.01068 5.00e+09 0.4500000179    0.450 -1.572  3.5473  4.804    1  0.000  0.545     0.00     0.00 -1  1.99e-15      0.00 7.210e-01 2.682e-01 1.939e-03 5.231e-04 4.744e-03 -1.000 1.078e-02 8.700 9.318 10.435 8.315 12.048 10.390 6.914 6.360 6.131
0.01068 5.00e+09 0.5000000000    0.500 -1.408  3.5638  4.753    1  0.000  0.545     0.00     0.00 -1  2.92e-15      0.00 7.210e-01 2.682e-01 1.939e-03 5.231e-04 4.744e-03 -1.000 1.078e-02 8.291 8.822 9.846 7.859 11.413 9.799 6.547 5.983 5.760
0.01068 5.00e+09 0.5363928676    0.536 -1.279  3.5794  4.716    1  0.000  0.545     0.00     0.00 -1  3.95e-15      0.00 7.299e-01 2.596e-01 1.881e-03 5.075e-04 4.603e-03 -1.000 1.047e-02 7.969 8.449 9.427 7.505 10.907 9.389 6.231 5.667 5.468
0.01068 5.00e+09 0.5500000119    0.550 -1.233  3.5849  4.703    1  0.000  0.545     0.00     0.00 -1  4.41e-15      0.00 7.332e-01 2.564e-01 1.859e-03 5.016e-04 4.551e-03 -1.000 1.035e-02 7.853 8.317 9.280 7.379 10.715 9.247 6.115 5.548 5.363
0.01068 5.00e+09 0.5863478184    0.586 -1.106  3.6038  4.680    1  0.000  0.545     0.00     0.00 -1  5.87e-15      0.00 7.347e-01 2.551e-01 1.851e-03 4.994e-04 4.531e-03 -1.000 1.029e-02 7.536 7.863 8.652 7.014 9.942 8.619 5.888 5.237 5.108
0.01068 5.00e+09 0.6000000238    0.600 -1.061  3.6106  4.671    1  0.000  0.545     0.00     0.00 -1  6.51e-15      0.00 7.352e-01 2.546e-01 1.848e-03 4.987e-04 4.524e-03 -1.000 1.027e-02 7.422 7.725 8.485 6.894 9.759 8.447 5.796 5.136 5.012
0.01068 5.00e+09 0.6499999166    0.650 -0.888  3.6407  4.654    1  0.000  0.545     0.00     0.00 -1   9.5e-15      0.00 7.369e-01 2.529e-01 1.837e-03 4.959e-04 4.499e-03 -1.000 1.024e-02 6.990 7.182 7.820 6.431 8.984 7.760 5.452 4.801 4.700
0.01068 5.00e+09 0.6762642264    0.676 -0.800  3.6565  4.647    1  0.000  0.544     0.00     0.00 -1  1.15e-14      0.00 7.378e-01 2.520e-01 1.832e-03 4.944e-04 4.486e-03 -1.000 1.021e-02 6.771 6.902 7.484 6.192 8.575 7.413 5.275 4.659 4.569
0.01068 5.00e+09 0.7000000477    0.700 -0.724  3.6703  4.640    1  0.000  0.544     0.00     0.00 -1  1.36e-14      0.00 7.386e-01 2.512e-01 1.827e-03 4.931e-04 4.474e-03 -1.000 1.019e-02 6.579 6.661 7.199 5.984 8.227 7.119 5.123 4.550 4.468
0.01068 5.00e+09 0.7015172839    0.702 -0.719  3.6711  4.640    1  0.000  0.544     0.00     0.00 -1  1.37e-14      0.00 7.387e-01 2.512e-01 1.825e-03 4.929e-04 4.473e-03 -1.000 1.019e-02 6.567 6.646 7.182 5.971 8.206 7.101 5.114 4.543 4.462
0.01068 5.00e+09 0.7304003239    0.731 -0.628  3.6868  4.629    1  0.000  0.540     0.00     0.00 -1  1.68e-14      0.00 7.399e-01 2.500e-01 1.804e-03 4.906e-04 4.455e-03 -1.000 1.014e-02 6.341 6.369 6.859 5.731 7.812 6.770 4.935 4.415 4.341
0.01068 5.00e+09 0.7500000000    0.750 -0.568  3.6970  4.621    1  0.000  0.537     0.00     0.00 -1  1.92e-14      0.00 7.407e-01 2.492e-01 1.790e-03 4.890e-04 4.444e-03 -1.000 1.004e-02 6.190 6.190 6.652 5.575 7.558 6.559 4.819 4.330 4.262
0.01068 5.00e+09 0.7870910168    0.787 -0.459  3.7136  4.599    1  0.000  0.537     0.00     0.00 -1  2.47e-14      0.00 7.428e-01 2.472e-01 1.778e-03 4.858e-04 4.415e-03 -1.000 1.003e-02 5.916 5.880 6.301 5.300 7.130 6.208 4.605 4.164 4.104
0.01068 5.00e+09 0.7982511520    0.798 -0.426  3.7184  4.592    1  0.000  0.537     0.00     0.00 -1  2.66e-14      0.00 7.434e-01 2.466e-01 1.774e-03 4.848e-04 4.406e-03 -1.000 1.002e-02 5.835 5.789 6.199 5.220 7.005 6.106 4.542 4.115 4.057
0.01068 5.00e+09 0.8191868067    0.819 -0.366  3.7269  4.577    1  0.000  0.537     0.00     0.00 -1  3.08e-14      0.00 7.448e-01 2.452e-01 1.765e-03 4.825e-04 4.386e-03 -1.000 9.995e-03 5.684 5.623 6.012 5.072 6.777 5.922 4.423 4.020 3.966
0.01068 5.00e+09 0.8462775350    0.846 -0.288  3.7376  4.556    1  0.000  0.537     0.00     0.00 -1   3.7e-14      0.00 7.466e-01 2.435e-01 1.755e-03 4.796e-04 4.359e-03 -1.000 9.910e-03 5.491 5.414 5.779 4.886 6.492 5.694 4.273 3.898 3.848
0.01068 5.00e+09 0.8465023041    0.846 -0.288  3.7377  4.556    1  0.000  0.537     0.00     0.00 -1  3.71e-14      0.00 7.466e-01 2.434e-01 1.755e-03 4.795e-04 4.359e-03 -1.000 9.910e-03 5.489 5.413 5.777 4.884 6.490 5.692 4.272 3.897 3.847
0.01068 5.00e+09 0.8475504518    0.847 -0.285  3.7381  4.555    1  0.000  0.537     0.00     0.00 -1  3.73e-14      0.00 7.467e-01 2.434e-01 1.754e-03 4.794e-04 4.358e-03 -1.000 9.906e-03 5.482 5.405 5.768 4.877 6.479 5.683 4.266 3.892 3.843
0.01068 5.00e+09 0.8769928813    0.876 -0.201  3.7486  4.528    1  0.000  0.537     0.00     0.00 -1  4.58e-14      0.00 7.493e-01 2.408e-01 1.739e-03 4.753e-04 4.321e-03 -1.000 9.821e-03 5.273 5.187 5.528 4.681 6.187 5.448 4.104 3.754 3.709
0.01068 5.00e+09 0.8947533965    0.894 -0.152  3.7546  4.511    1  0.000  0.536     0.00     0.00 -1  5.19e-14      0.00 7.510e-01 2.393e-01 1.729e-03 4.726e-04 4.298e-03 -1.000 9.791e-03 5.149 5.057 5.385 4.564 6.014 5.309 4.006 3.671 3.628
0.01068 5.00e+09 0.9079474807    0.907 -0.114  3.7588  4.497    1  0.000  0.536     0.00     0.00 -1   5.7e-14      0.00 7.525e-01 2.378e-01 1.720e-03 4.702e-04 4.275e-03 -1.000 9.732e-03 5.056 4.962 5.281 4.478 5.890 5.208 3.931 3.606 3.565
0.01068 5.00e+09 0.9239751101    0.923 -0.069  3.7637  4.479    1  0.000  0.536     0.00     0.00 -1  6.41e-14      0.00 7.544e-01 2.359e-01 1.708e-03 4.670e-04 4.247e-03 -1.000 9.664e-03 4.943 4.846 5.154 4.372 5.740 5.085 3.841 3.527 3.488
0.01068 5.00e+09 0.9392486215    0.939 -0.026  3.7681  4.461    1  0.000  0.536     0.00     0.00 -1  7.16e-14      0.00 7.564e-01 2.340e-01 1.696e-03 4.639e-04 4.219e-03 -1.000 9.585e-03 4.836 4.736 5.036 4.272 5.600 4.969 3.754 3.450 3.413
0.01068 5.00e+09 0.9430044889    0.942 -0.016  3.7692  4.457    1  0.000  0.536     0.00     0.00 -1  7.36e-14      0.00 7.569e-01 2.336e-01 1.693e-03 4.631e-04 4.212e-03 -1.000 9.564e-03 4.810 4.709 5.007 4.247 5.567 4.941 3.733 3.431 3.394
0.01068 5.00e+09 0.9498447776    0.949  0.004  3.7710  4.448    1  0.000  0.536     0.00     0.00 -1  7.75e-14      0.00 7.581e-01 2.324e-01 1.686e-03 4.612e-04 4.195e-03 -1.000 9.518e-03 4.761 4.660 4.954 4.202 5.505 4.889 3.693 3.395 3.359
0.01068 5.00e+09 0.9646017551    0.964  0.045  3.7748  4.428    1  0.000  0.536     0.00     0.00 -1  8.67e-14      0.00 7.607e-01 2.299e-01 1.670e-03 4.569e-04 4.157e-03 -1.000 9.426e-03 4.656 4.554 4.839 4.104 5.374 4.778 3.606 3.316 3.281
0.01068 5.00e+09 0.9786501527    0.978  0.086  3.7783  4.408    1  0.000  0.536     0.00     0.00 -1  9.65e-14      0.00 7.634e-01 2.273e-01 1.654e-03 4.527e-04 4.118e-03 -1.000 9.364e-03 4.556 4.452 4.731 4.009 5.249 4.672 3.522 3.240 3.206
0.01068 5.00e+09 0.9912556410    0.991  0.122  3.7813  4.390    1  0.000  0.536     0.00     0.00 -1  1.06e-13      0.00 7.659e-01 2.248e-01 1.640e-03 4.487e-04 4.082e-03 -1.000 9.268e-03 4.466 4.361 4.634 3.925 5.139 4.577 3.446 3.170 3.137
0.01068 5.00e+09 0.9916500449    0.991  0.123  3.7814  4.389    1  0.000  0.536     0.00     0.00 -1  1.07e-13      0.00 7.660e-01 2.247e-01 1.639e-03 4.485e-04 4.081e-03 -1.000 9.264e-03 4.463 4.358 4.631 3.922 5.135 4.574 3.444 3.168 3.135
0.01068 5.00e+09 1.0035202503    1.003  0.157  3.7839  4.370    1  0.000  0.535     0.00     0.00 -1  1.16e-13      0.00 7.691e-01 2.217e-01 1.620e-03 4.434e-04 4.036e-03 -1.000 9.210e-03 4.378 4.272 4.540 3.842 5.033 4.484 3.370 3.101 3.068
0.01068 5.00e+09 1.0149807930    1.014  0.190  3.7862  4.351    1  0.000  0.535     0.00     0.00 -1  1.25e-13      0.00 7.723e-01 2.187e-01 1.602e-03 4.385e-04 3.992e-03 -1.000 9.080e-03 4.295 4.189 4.452 3.764 4.935 4.398 3.299 3.034 3.002
0.01068 5.00e+09 1.0353859663    1.035  0.249  3.7900  4.315    1  0.000  0.535     0.00     0.00 -1  1.44e-13      0.00 7.780e-01 2.132e-01 1.569e-03 4.298e-04 3.913e-03 -1.000 8.894e-03 4.147 4.040 4.296 3.624 4.763 4.245 3.169 2.913 2.882
0.01068 5.00e+09 1.0395067930    1.039  0.261  3.7907  4.308    1  0.000  0.535     0.00     0.00 -1  1.49e-13      0.00 7.791e-01 2.120e-01 1.563e-03 4.280e-04 3.897e-03 -1.000 8.859e-03 4.117 4.011 4.265 3.595 4.729 4.214 3.143 2.888 2.857
0.01068 5.00e+09 1.0493928194    1.048  0.289  3.7921  4.290    1  0.000  0.534     0.00     0.00 -1  1.59e-13      0.00 7.806e-01 2.105e-01 1.556e-03 4.263e-04 3.882e-03 -1.000 8.867e-03 4.048 3.941 4.192 3.529 4.649 4.142 3.080 2.828 2.798
0.01068 5.00e+09 1.0686365366    1.068  0.342  3.7942  4.253    1  0.000  0.534     0.00     0.00 -1   1.8e-13      0.00 7.832e-01 2.079e-01 1.545e-03 4.234e-04 3.857e-03 -1.000 8.815e-03 3.914 3.806 4.054 3.399 4.501 4.005 2.956 2.710 2.680
0.01068 5.00e+09 1.0836813450    1.082  0.387  3.7957  4.220    1  0.000  0.534     0.00     0.00 -1     2e-13      0.00 7.842e-01 2.070e-01 1.542e-03 4.227e-04 3.853e-03 -1.000 8.767e-03 3.802 3.694 3.939 3.291 4.379 3.891 2.852 2.609 2.580
0.01068 5.00e+09 1.0877579451    1.087  0.400  3.7962  4.211    1  0.000  0.534     0.00     0.00 -1  2.07e-13      0.00 7.843e-01 2.069e-01 1.542e-03 4.229e-04 3.854e-03 -1.000 8.764e-03 3.771 3.663 3.907 3.261 4.345 3.859 2.823 2.581 2.552
0.01068 5.00e+09 1.0888253450    1.088  0.403  3.7963  4.209    1  0.000  0.534     0.00     0.00 -1  2.08e-13      0.00 7.842e-01 2.070e-01 1.543e-03 4.231e-04 3.856e-03 -1.000 8.768e-03 3.763 3.654 3.898 3.253 4.336 3.851 2.816 2.574 2.544
0.01068 5.00e+09 1.1001138687    1.099  0.439  3.7973  4.181    1  0.000  0.534     0.00     0.00 -1  2.28e-13      0.00 7.821e-01 2.091e-01 1.559e-03 4.274e-04 3.895e-03 -1.000 8.848e-03 3.673 3.564 3.806 3.165 4.239 3.759 2.731 2.491 2.462
0.01068 5.00e+09 1.1120400429    1.111  0.478  3.7980  4.149    1  0.000  0.534     0.00     0.00 -1  2.52e-13      0.00 7.798e-01 2.112e-01 1.575e-03 4.320e-04 3.936e-03 -1.000 8.956e-03 3.574 3.465 3.705 3.068 4.136 3.659 2.636 2.398 2.368
0.01068 5.00e+09 1.1226021051    1.121  0.514  3.7980  4.117    1  0.000  0.534     0.00     0.00 -1  2.78e-13      0.00 7.779e-01 2.131e-01 1.589e-03 4.359e-04 3.972e-03 -1.000 9.040e-03 3.484 3.374 3.614 2.977 4.043 3.568 2.545 2.308 2.278
0.01068 5.00e+09 1.1326763630    1.131  0.550  3.7976  4.084    1  0.000  0.534     0.00     0.00 -1  3.07e-13      0.00 7.761e-01 2.148e-01 1.602e-03 4.395e-04 4.004e-03 -1.000 9.118e-03 3.396 3.286 3.526 2.888 3.956 3.480 2.455 2.217 2.187
0.01068 5.00e+09 1.1360089779    1.135  0.562  3.7972  4.072    1  0.000  0.534     0.00     0.00 -1  3.18e-13      0.00 7.755e-01 2.153e-01 1.606e-03 4.406e-04 4.014e-03 -1.000 9.142e-03 3.365 3.255 3.497 2.857 3.927 3.450 2.423 2.183 2.154
0.01068 5.00e+09 1.1406519413    1.139  0.580  3.7965  4.052    1  0.000  0.534     0.00     0.00 -1  3.35e-13      0.00 7.751e-01 2.157e-01 1.609e-03 4.410e-04 4.020e-03 -1.000 9.157e-03 3.320 3.209 3.452 2.810 3.884 3.404 2.374 2.133 2.103
0.01068 5.00e+09 1.1425148249    1.141  0.588  3.7962  4.044    1  0.000  0.534     0.00     0.00 -1  3.44e-13      0.00 7.750e-01 2.158e-01 1.610e-03 4.412e-04 4.023e-03 -1.000 9.163e-03 3.299 3.189 3.432 2.789 3.865 3.384 2.352 2.111 2.081
0.01068 5.00e+09 1.1457707882    1.144  0.602  3.7951  4.027    1  0.000  0.533     0.00     0.00 -1  3.58e-13      0.00 7.746e-01 2.162e-01 1.612e-03 4.418e-04 4.030e-03 -1.000 9.179e-03 3.266 3.155 3.400 2.753 3.837 3.352 2.313 2.070 2.040
0.01068 5.00e+09 1.1504071951    1.149  0.619  3.7936  4.005    2  0.000  0.533     0.00     0.00 -1  3.78e-13      0.00 7.739e-01 2.169e-01 1.617e-03 4.429e-04 4.042e-03 -1.000 9.212e-03 3.222 3.111 3.359 2.706 3.801 3.310 2.262 2.016 1.985
0.01068 5.00e+09 1.1566104889    1.155  0.642  3.7907  3.973    2  0.000  0.533     0.00     0.00 -1  4.08e-13      0.00 7.718e-01 2.189e-01 1.630e-03 4.461e-04 4.074e-03 -1.000 9.289e-03 3.165 3.054 3.308 2.643 3.761 3.256 2.190 1.938 1.907
0.01068 5.00e+09 1.1625599861    1.161  0.663  3.7866  3.938    2  0.000  0.534     0.00     0.00 -1   4.4e-13      0.00 7.684e-01 2.222e-01 1.649e-03 4.509e-04 4.119e-03 -1.000 9.392e-03 3.112 3.002 3.263 2.582 3.732 3.209 2.118 1.858 1.825
0.01068 5.00e+09 1.1689903736    1.167  0.683  3.7802  3.895    2  0.000  0.534     0.00     0.00 -1  4.77e-13      0.00 7.634e-01 2.271e-01 1.676e-03 4.580e-04 4.185e-03 -1.000 9.542e-03 3.062 2.953 3.226 2.519 3.721 3.167 2.037 1.763 1.728
0.01068 5.00e+09 1.1748256683    1.173  0.692  3.7698  3.847    2  0.000  0.534     0.00     0.00 -1  5.09e-13      0.00 7.564e-01 2.339e-01 1.716e-03 4.685e-04 4.283e-03 -1.000 9.750e-03 3.040 2.936 3.230 2.479 3.771 3.164 1.966 1.669 1.631
0.01068 5.00e+09 1.1785011292    1.177  0.685  3.7587  3.811    2  0.000  0.535     0.00     0.00 -1  5.19e-13      0.00 7.457e-01 2.443e-01 1.775e-03 4.838e-04 4.422e-03 -1.000 1.004e-02 3.059 2.962 3.279 2.481 3.872 3.206 1.934 1.612 1.570
0.01068 5.00e+09 1.1804322004    1.179  0.673  3.7504  3.790    2  0.000  0.536     0.00     0.00 -1  5.16e-13      0.00 7.396e-01 2.502e-01 1.809e-03 4.927e-04 4.503e-03 -1.000 1.021e-02 3.089 2.999 3.334 2.500 3.967 3.255 1.927 1.585 1.540
0.01068 5.00e+09 1.1820894480    1.180  0.657  3.7417  3.772    2  0.000  0.536     0.00     0.00 -1  5.07e-13      0.00 7.351e-01 2.545e-01 1.833e-03 4.992e-04 4.562e-03 -1.000 1.037e-02 3.128 3.047 3.401 2.530 4.079 3.317 1.928 1.565 1.517
0.01068 5.00e+09 1.1836619377    1.182  0.641  3.7325  3.752    2  0.000  0.536     0.00     0.00 -1  4.98e-13      0.00 7.320e-01 2.575e-01 1.850e-03 5.036e-04 4.602e-03 -1.000 1.048e-02 3.167 3.098 3.472 2.561 4.198 3.383 1.930 1.543 1.491
0.01068 5.00e+09 1.1842602491    1.183  0.638  3.7292  3.742    2  0.000  0.536     0.00     0.00 -1  4.99e-13      0.00 7.311e-01 2.584e-01 1.855e-03 5.048e-04 4.613e-03 -1.000 1.051e-02 3.176 3.112 3.493 2.568 4.236 3.402 1.925 1.530 1.476
0.01068 5.00e+09 1.1848969460    1.183  0.634  3.7259  3.732    2  0.000  0.536     0.00     0.00 -1  4.99e-13      0.00 7.301e-01 2.593e-01 1.860e-03 5.061e-04 4.625e-03 -1.000 1.054e-02 3.184 3.125 3.514 2.574 4.274 3.421 1.920 1.516 1.461
0.01068 5.00e+09 1.1869047880    1.185  0.641  3.7174  3.692    2  0.000  0.536     0.00     0.00 -1  5.27e-13      0.00 7.279e-01 2.616e-01 1.871e-03 5.088e-04 4.650e-03 -1.000 1.056e-02 3.166 3.123 3.531 2.554 4.336 3.435 1.870 1.443 1.384
0.01068 5.00e+09 1.1893256903    1.188  0.676  3.7108  3.631    2  0.000  0.536     0.00     0.00 -1  6.06e-13      0.00 7.253e-01 2.642e-01 1.879e-03 5.111e-04 4.672e-03 -1.000 1.056e-02 3.079 3.048 3.473 2.465 4.312 3.373 1.757 1.311 1.250
0.01068 5.00e+09 1.1895823479    1.188  0.681  3.7102  3.625    2  0.000  0.536     0.00     0.00 -1  6.19e-13      0.00 7.249e-01 2.645e-01 1.880e-03 5.113e-04 4.674e-03 -1.000 1.061e-02 3.068 3.038 3.464 2.454 4.306 3.364 1.743 1.296 1.234
0.01068 5.00e+09 1.1898856163    1.188  0.687  3.7096  3.616    2  0.000  0.536     0.00     0.00 -1  6.36e-13      0.00 7.246e-01 2.648e-01 1.880e-03 5.117e-04 4.675e-03 -1.000 1.062e-02 3.052 3.023 3.450 2.438 4.296 3.351 1.725 1.277 1.215
0.01068 5.00e+09 1.1917163134    1.190  0.727  3.7066  3.564    3  0.000  0.533     0.00     0.00 -1  7.31e-13      0.00 7.222e-01 2.672e-01 1.875e-03 5.156e-04 4.687e-03 -1.000 1.060e-02 2.951 2.929 3.364 2.338 4.226 3.263 1.614 1.156 1.093
0.01068 5.00e+09 1.1934407949    1.192  0.771  3.7043  3.513    3  0.000  0.521     0.00     0.00 -1  8.52e-13      0.00 7.195e-01 2.699e-01 1.836e-03 5.453e-04 4.695e-03 -1.000 1.067e-02 2.843 2.826 3.266 2.230 4.140 3.164 1.498 1.034 0.969
0.01068 5.00e+09 1.1953531504    1.194  0.824  3.7022  3.452    3  0.000  0.493     0.00     0.00 -1  1.03e-12      0.00 7.159e-01 2.734e-01 1.739e-03 6.521e-04 4.703e-03 -1.000 1.069e-02 2.711 2.698 3.144 2.098 4.030 3.041 1.358 0.888 0.822
0.01068 5.00e+09 1.1969248056    1.195  0.871  3.7005  3.399    3  0.000  0.469     0.00     0.00 -1  1.21e-12      0.00 7.129e-01 2.763e-01 1.655e-03 7.559e-04 4.708e-03 -1.000 1.074e-02 2.592 2.583 3.033 1.980 3.928 2.929 1.233 0.759 0.692
0.01068 5.00e+09 1.1981353760    1.197  0.910  3.6992  3.354    3  0.000  0.454     0.00     0.00 -1   1.4e-12      0.00 7.107e-01 2.786e-01 1.602e-03 8.215e-04 4.712e-03 -1.000 1.075e-02 2.494 2.488 2.941 1.881 3.844 2.837 1.130 0.652 0.584
0.01068 5.00e+09 1.1995522976    1.198  0.960  3.6976  3.299    3  0.000  0.439     0.00     0.00 -1  1.66e-12      0.00 7.081e-01 2.811e-01 1.553e-03 8.831e-04 4.715e-03 -1.000 1.076e-02 2.370 2.367 2.824 1.757 3.738 2.719 1.000 0.517 0.449
0.01068 5.00e+09 1.2008475065    1.199  1.009  3.6959  3.243    3  0.000  0.430     0.00     0.00 -1  1.98e-12      0.00 7.061e-01 2.832e-01 1.522e-03 9.231e-04 4.718e-03 -1.000 1.076e-02 2.246 2.247 2.708 1.633 3.632 2.602 0.870 0.383 0.313
0.01068 5.00e+09 1.2020698786    1.200  1.061  3.6940  3.184    3  0.000  0.424     0.00     0.00 -1  2.38e-12      0.00 7.046e-01 2.847e-01 1.501e-03 9.495e-04 4.720e-03 -1.000 1.076e-02 2.118 2.123 2.589 1.506 3.523 2.483 0.735 0.243 0.172
0.01068 5.00e+09 1.2031180859    1.201  1.109  3.6922  3.129    3  0.000  0.420     0.00     0.00 -1  2.82e-12      0.00 7.035e-01 2.857e-01 1.487e-03 9.667e-04 4.721e-03 -1.000 1.078e-02 1.997 2.007 2.478 1.386 3.422 2.371 0.608 0.111 0.038
0.01068 5.00e+09 1.2040553093    1.202  1.157  3.6904  3.075    3  0.000  0.417     0.00     0.00 -1  3.34e-12      0.00 7.028e-01 2.864e-01 1.477e-03 9.783e-04 4.721e-03 -1.000 1.079e-02 1.878 1.894 2.370 1.269 3.325 2.262 0.483 -0.019 -0.093
0.01068 5.00e+09 1.2049078941    1.203  1.204  3.6884  3.020    3  0.000  0.416     0.00     0.00 -1  3.96e-12      0.00 7.023e-01 2.869e-01 1.472e-03 9.856e-04 4.722e-03 -1.000 1.079e-02 1.760 1.781 2.262 1.152 3.228 2.154 0.359 -0.150 -0.224
0.01068 5.00e+09 1.2057030201    1.204  1.252  3.6863  2.963    3  0.000  0.415     0.00     0.00 -1  4.72e-12      0.00 7.020e-01 2.872e-01 1.468e-03 9.902e-04 4.722e-03 -1.000 1.078e-02 1.639 1.666 2.152 1.032 3.131 2.044 0.231 -0.283 -0.360
0.01068 5.00e+09 1.2064085007    1.204  1.299  3.6841  2.908    3  0.000  0.414     0.00     0.00 -1   5.6e-12      0.00 7.019e-01 2.873e-01 1.466e-03 9.927e-04 4.723e-03 -1.000 1.078e-02 1.522 1.554 2.046 0.916 3.038 1.937 0.106 -0.414 -0.492
0.01068 5.00e+09 1.2070488930    1.205  1.346  3.6820  2.853    3  0.000  0.414     0.00     0.00 -1  6.64e-12      0.00 7.018e-01 2.874e-01 1.465e-03 9.940e-04 4.723e-03 -1.000 1.078e-02 1.404 1.443 1.941 0.800 2.947 1.830 -0.019 -0.545 -0.624
0.01068 5.00e+09 1.2076150179    1.206  1.391  3.6798  2.799    3  0.000  0.413     0.00     0.00 -1  7.83e-12      0.00 7.018e-01 2.874e-01 1.465e-03 9.945e-04 4.723e-03 -1.000 1.078e-02 1.292 1.338 1.841 0.690 2.860 1.731 -0.138 -0.671 -0.752
0.01068 5.00e+09 1.2081216574    1.206  1.435  3.6776  2.747    3  0.000  0.413     0.00     0.00 -1  9.18e-12      0.00 7.018e-01 2.874e-01 1.464e-03 9.947e-04 4.723e-03 -1.000 1.078e-02 1.182 1.236 1.745 0.583 2.777 1.634 -0.254 -0.792 -0.875
0.01068 5.00e+09 1.2086038589    1.206  1.480  3.6753  2.693    3  0.000  0.413     0.00     0.00 -1  1.08e-11      0.00 7.018e-01 2.874e-01 1.464e-03 9.949e-04 4.723e-03 -1.000 1.078e-02 1.070 1.131 1.647 0.474 2.692 1.536 -0.373 -0.918 -1.003
0.01068 5.00e+09 1.2090412378    1.207  1.524  3.6729  2.640    3  0.000  0.413     0.00     0.00 -1  1.27e-11      0.00 7.018e-01 2.874e-01 1.464e-03 9.951e-04 4.723e-03 -1.000 1.078e-02 0.961 1.029 1.551 0.367 2.610 1.440 -0.489 -1.041 -1.128
0.01068 5.00e+09 1.2094532251    1.207  1.567  3.6706  2.587    3  0.000  0.413     0.00     0.00 -1  1.49e-11      0.00 7.018e-01 2.874e-01 1.464e-03 9.953e-04 4.723e-03 -1.000 1.078e-02 0.851 0.928 1.456 0.261 2.530 1.345 -0.606 -1.165 -1.253
0.01068 5.00e+09 1.2098397017    1.207  1.609  3.6683  2.536    3  0.000  0.413     0.00     0.00 -1  1.74e-11      0.00 7.018e-01 2.874e-01 1.464e-03 9.955e-04 4.723e-03 -1.000 1.078e-02 0.748 0.832 1.366 0.160 2.454 1.255 -0.716 -1.282 -1.373
0.01068 5.00e+09 1.2102394104    1.208  1.646  3.6662  2.490    3  0.000  0.413     0.00     0.00 -1     2e-11      0.00 7.019e-01 2.874e-01 1.464e-03 9.957e-04 4.724e-03 -1.000 1.078e-02 0.654 0.746 1.286 0.069 2.387 1.174 -0.816 -1.387 -1.480
0.01068 5.00e+09 1.2105959654    1.208  1.671  3.6648  2.460    3  0.000  0.413     0.00     0.00 -1  2.19e-11      0.00 7.019e-01 2.874e-01 1.463e-03 9.959e-04 4.724e-03 -1.000 1.078e-02 0.592 0.689 1.233 0.010 2.343 1.122 -0.881 -1.456 -1.550
0.01068 5.00e+09 1.2108103037    1.208  1.656  3.6659  2.480    3  0.000  0.413     0.00     0.00 -1  2.09e-11      0.00 7.019e-01 2.874e-01 1.463e-03 9.960e-04 4.724e-03 -1.000 1.078e-02 0.630 0.723 1.264 0.046 2.367 1.152 -0.840 -1.412 -1.505
0.01068 5.00e+09 1.2110795975    1.208  1.615  3.6687  2.532    3  0.000  0.413     0.00     0.00 -1   1.8e-11      0.00 7.019e-01 2.874e-01 1.463e-03 9.961e-04 4.724e-03 -1.000 1.078e-02 0.732 0.815 1.348 0.143 2.434 1.236 -0.731 -1.295 -1.386
0.01068 5.00e+09 1.2111644745    1.208  1.602  3.6696  2.549    3  0.000  0.413     0.00     0.00 -1  1.71e-11      0.00 7.019e-01 2.874e-01 1.463e-03 9.962e-04 4.724e-03 -1.000 1.078e-02 0.766 0.846 1.376 0.176 2.457 1.265 -0.694 -1.256 -1.346
0.01068 5.00e+09 1.2114025354    1.209  1.635  3.6676  2.508    3  0.000  0.413     0.00     0.00 -1  1.91e-11      0.00 7.019e-01 2.873e-01 1.463e-03 9.963e-04 4.724e-03 -1.000 1.078e-02 0.683 0.770 1.306 0.096 2.398 1.194 -0.782 -1.349 -1.441
0.01068 5.00e+09 1.2117378712    1.209  1.680  3.6650  2.452    3  0.000  0.413     0.00     0.00 -1  2.25e-11      0.00 7.019e-01 2.873e-01 1.463e-03 9.964e-04 4.724e-03 -1.000 1.078e-02 0.569 0.666 1.209 -0.014 2.319 1.098 -0.904 -1.479 -1.573
0.01068 5.00e+09 1.2120603323    1.209  1.726  3.6622  2.395    3  0.000  0.413     0.00     0.00 -1  2.67e-11      0.00 7.019e-01 2.873e-01 1.463e-03 9.966e-04 4.724e-03 -1.000 1.078e-02 0.454 0.561 1.113 -0.125 2.240 1.001 -1.027 -1.609 -1.706
0.01068 5.00e+09 1.2123596668    1.209  1.772  3.6594  2.338    3  0.000  0.413     0.00     0.00 -1  3.17e-11      0.00 7.019e-01 2.873e-01 1.463e-03 9.967e-04 4.724e-03 -1.000 1.078e-02 0.340 0.457 1.017 -0.235 2.162 0.905 -1.149 -1.738 -1.838
0.01068 5.00e+09 1.2126296759    1.209  1.817  3.6567  2.283    3  0.000  0.413     0.00     0.00 -1  3.74e-11      0.00 7.019e-01 2.873e-01 1.462e-03 9.969e-04 4.724e-03 -1.000 1.078e-02 0.228 0.356 0.924 -0.341 2.087 0.812 -1.268 -1.864 -1.968
0.01068 5.00e+09 1.2128814459    1.209  1.861  3.6539  2.227    3  0.000  0.413     0.00     0.00 -1  4.42e-11      0.00 7.019e-01 2.873e-01 1.462e-03 9.970e-04 4.724e-03 -1.000 1.078e-02 0.117 0.255 0.831 -0.449 2.013 0.720 -1.388 -1.992 -2.098
0.01068 5.00e+09 1.2131079435    1.210  1.905  3.6511  2.172    3  0.000  0.413     0.00     0.00 -1   5.2e-11      0.00 7.019e-01 2.873e-01 1.462e-03 9.971e-04 4.724e-03 -1.000 1.078e-02 0.008 0.160 0.745 -0.551 1.945 0.634 -1.503 -2.115 -2.224
0.01068 5.00e+09 1.2133216858    1.210  1.949  3.6483  2.117    3  0.000  0.413     0.00     0.00 -1  6.14e-11      0.00 7.019e-01 2.873e-01 1.462e-03 9.972e-04 4.724e-03 -1.000 1.078e-02 -0.102 0.063 0.657 -0.655 1.878 0.547 -1.620 -2.239 -2.353
0.01068 5.00e+09 1.2135196924    1.210  1.993  3.6454  2.061    3  0.000  0.413     0.00     0.00 -1  7.25e-11      0.00 7.019e-01 2.873e-01 1.462e-03 9.973e-04 4.724e-03 -1.000 1.078e-02 -0.212 -0.035 0.570 -0.759 1.810 0.460 -1.738 -2.365 -2.482
0.01068 5.00e+09 1.2136985064    1.210  2.036  3.6424  2.006    3  0.000  0.413     0.00     0.00 -1  8.53e-11      0.00 7.019e-01 2.873e-01 1.462e-03 9.974e-04 4.724e-03 -1.000 1.078e-02 -0.321 -0.129 0.484 -0.861 1.746 0.376 -1.853 -2.489 -2.609
0.01068 5.00e+09 1.2138625383    1.210  2.079  3.6395  1.951    3  0.000  0.413     0.00     0.00 -1     1e-10      0.00 7.019e-01 2.873e-01 1.462e-03 9.975e-04 4.724e-03 -1.000 1.078e-02 -0.429 -0.223 0.401 -0.962 1.685 0.293 -1.968 -2.611 -2.736
0.01068 5.00e+09 1.2140103579    1.209  2.121  3.6366  1.898    3  0.000  0.412     0.00     0.00 -1  1.18e-10      0.00 7.019e-01 2.873e-01 1.462e-03 9.975e-04 4.724e-03 -1.000 1.078e-02 -0.534 -0.313 0.322 -1.059 1.628 0.215 -2.080 -2.731 -2.860
0.01068 5.00e+09 1.2141517401    1.209  2.165  3.6336  1.842    3  0.000  0.412     0.00     0.00 -1  1.39e-10      0.00 7.019e-01 2.873e-01 1.462e-03 9.976e-04 4.724e-03 -1.000 1.078e-02 -0.642 -0.406 0.240 -1.160 1.571 0.135 -2.195 -2.854 -2.988
0.01068 5.00e+09 1.2142773867    1.209  2.207  3.6307  1.789    3  0.000  0.412     0.00     0.00 -1  1.62e-10      0.00 7.019e-01 2.873e-01 1.462e-03 9.977e-04 4.724e-03 -1.000 1.078e-02 -0.746 -0.495 0.163 -1.257 1.516 0.058 -2.306 -2.973 -3.110
0.01068 5.00e+09 1.2143950462    1.209  2.248  3.6277  1.735    3  0.000  0.412     0.00     0.00 -1   1.9e-10      0.00 7.019e-01 2.873e-01 1.462e-03 9.977e-04 4.724e-03 -1.000 1.078e-02 -0.851 -0.584 0.085 -1.354 1.463 -0.019 -2.418 -3.092 -3.235
0.01068 5.00e+09 1.2145037651    1.209  2.290  3.6247  1.681    3  0.000  0.412     0.00     0.00 -1  2.23e-10      0.00 7.019e-01 2.873e-01 1.462e-03 9.978e-04 4.724e-03 -1.000 1.078e-02 -0.956 -0.672 0.009 -1.450 1.412 -0.093 -2.530 -3.212 -3.359
0.01068 5.00e+09 1.2146022320    1.209  2.331  3.6217  1.628    3  0.000  0.412     0.00     0.00 -1  2.61e-10      0.00 7.019e-01 2.873e-01 1.461e-03 9.978e-04 4.724e-03 -1.000 1.078e-02 -1.058 -0.757 -0.063 -1.542 1.365 -0.163 -2.638 -3.328 -3.480
0.01068 5.00e+09 1.2146956921    1.208  2.373  3.6186  1.574    3  0.000  0.412     0.00     0.00 -1  3.06e-10      0.00 7.019e-01 2.873e-01 1.461e-03 9.979e-04 4.724e-03 -1.000 1.078e-02 -1.162 -0.843 -0.136 -1.637 1.318 -0.234 -2.749 -3.447 -3.604
0.01068 5.00e+09 1.2147796154    1.208  2.413  3.6156  1.521    3  0.000  0.412     0.00     0.00 -1  3.57e-10      0.00 7.019e-01 2.873e-01 1.461e-03 9.979e-04 4.724e-03 -1.000 1.078e-02 -1.263 -0.926 -0.206 -1.728 1.273 -0.303 -2.857 -3.563 -3.724
0.01068 5.00e+09 1.2148582935    1.208  2.454  3.6125  1.468    3  0.000  0.412     0.00     0.00 -1  4.17e-10      0.00 7.019e-01 2.873e-01 1.461e-03 9.979e-04 4.724e-03 -1.000 1.078e-02 -1.365 -1.010 -0.276 -1.821 1.231 -0.371 -2.965 -3.680 -3.847
0.01068 5.00e+09 1.2149317265    1.207  2.495  3.6094  1.414    3  0.000  0.412     0.00     0.00 -1  4.87e-10      0.00 7.019e-01 2.873e-01 1.461e-03 9.980e-04 4.724e-03 -1.000 1.078e-02 -1.467 -1.091 -0.342 -1.911 1.192 -0.434 -3.075 -3.797 -3.970
0.01068 5.00e+09 1.2149972916    1.207  2.534  3.6064  1.363    3  0.000  0.412     0.00     0.00 -1  5.67e-10      0.00 7.019e-01 2.873e-01 1.461e-03 9.980e-04 4.724e-03 -1.000 1.078e-02 -1.565 -1.168 -0.403 -1.998 1.155 -0.494 -3.179 -3.911 -4.088
0.01068 5.00e+09 1.2150596380    1.206  2.574  3.6032  1.310    3  0.000  0.412     0.00     0.00 -1  6.61e-10      0.00 7.019e-01 2.873e-01 1.461e-03 9.980e-04 4.725e-03 -1.000 1.078e-02 -1.665 -1.247 -0.466 -2.085 1.119 -0.554 -3.286 -4.026 -4.208
0.01068 5.00e+09 1.2151168585    1.206  2.613  3.6001  1.258    3  0.000  0.412     0.00     0.00 -1  7.69e-10      0.00 7.019e-01 2.873e-01 1.461e-03 9.981e-04 4.725e-03 -1.000 1.078e-02 -1.763 -1.323 -0.527 -2.171 1.086 -0.612 -3.390 -4.140 -4.327
0.01068 5.00e+09 1.2151685953    1.205  2.651  3.5970  1.208    3  0.000  0.412     0.00     0.00 -1  8.91e-10      0.00 7.019e-01 2.873e-01 1.461e-03 9.981e-04 4.725e-03 -1.000 1.078e-02 -1.858 -1.396 -0.583 -2.254 1.054 -0.666 -3.492 -4.250 -4.443
0.01068 5.00e+09 1.2152185440    1.205  2.690  3.5939  1.156    3  0.000  0.412     0.00     0.00 -1  1.04e-09      0.00 7.019e-01 2.873e-01 1.461e-03 9.981e-04 4.725e-03 -1.000 1.078e-02 -1.956 -1.468 -0.634 -2.336 1.024 -0.715 -3.596 -4.364 -4.561
0.01068 5.00e+09 1.2152636051    1.204  2.728  3.5908  1.106    3  0.000  0.412     0.00     0.00 -1   1.2e-09      0.00 7.019e-01 2.873e-01 1.461e-03 9.981e-04 4.725e-03 -1.000 1.078e-02 -2.049 -1.536 -0.684 -2.415 0.997 -0.762 -3.696 -4.473 -4.676
0.01068 5.00e+09 1.2153055668    1.203  2.765  3.5876  1.056    3  0.000  0.412     0.00     0.00 -1  1.38e-09      0.00 7.019e-01 2.873e-01 1.461e-03 9.981e-04 4.725e-03 -1.000 1.078e-02 -2.142 -1.604 -0.732 -2.493 0.971 -0.808 -3.795 -4.581 -4.789
0.01068 5.00e+09 1.2153452635    1.202  2.802  3.5844  1.006    3  0.000  0.412     0.00     0.00 -1   1.6e-09      0.00 7.019e-01 2.873e-01 1.461e-03 9.982e-04 4.725e-03 -1.000 1.078e-02 -2.235 -1.671 -0.779 -2.571 0.947 -0.852 -3.895 -4.690 -4.903
0.01068 5.00e+09 1.2153813839    1.201  2.838  3.5812  0.957    3  0.000  0.412     0.00     0.00 -1  1.84e-09      0.00 7.019e-01 2.873e-01 1.461e-03 9.982e-04 4.725e-03 -1.000 1.078e-02 -2.324 -1.729 -0.811 -2.642 0.932 -0.882 -3.992 -4.795 -5.014
0.01068 5.00e+09 1.2154234648    1.200  2.882  3.5773  0.896    3  0.000  0.412     0.00     0.00 -1  2.19e-09      0.00 7.019e-01 2.873e-01 1.461e-03 9.982e-04 4.725e-03 -1.000 1.078e-02 -2.435 -1.800 -0.849 -2.730 0.914 -0.917 -4.113 -4.926 -5.151
0.01068 5.00e+09 1.2154618502    1.199  2.926  3.5733  0.836    3  0.000  0.412     0.00     0.00 -1  2.61e-09      0.00 7.019e-01 2.873e-01 1.461e-03 9.982e-04 4.725e-03 -1.000 1.078e-02 -2.544 -1.869 -0.884 -2.815 0.900 -0.948 -4.231 -5.054 -5.286
0.01068 5.00e+09 1.2154977322    1.198  2.969  3.5691  0.776    3  0.000  0.412     0.00     0.00 -1   3.1e-09      0.00 7.019e-01 2.873e-01 1.461e-03 9.982e-04 4.725e-03 -1.000 1.078e-02 -2.652 -1.934 -0.910 -2.898 0.892 -0.971 -4.349 -5.183 -5.422
0.01068 5.00e+09 1.2155302763    1.196  3.011  3.5651  0.717    3  0.000  0.412     0.00     0.00 -1  3.66e-09      0.00 7.019e-01 2.873e-01 1.461e-03 9.983e-04 4.725e-03 -1.000 1.078e-02 -2.757 -1.988 -0.914 -2.972 0.891 -0.973 -4.465 -5.308 -5.553
0.01068 5.00e+09 1.2155606747    1.194  3.052  3.5610  0.659    3  0.000  0.412     0.00     0.00 -1  4.32e-09      0.00 7.019e-01 2.873e-01 1.461e-03 9.983e-04 4.725e-03 -1.000 1.078e-02 -2.860 -2.041 -0.916 -3.044 0.892 -0.974 -4.579 -5.431 -5.683
0.01068 5.00e+09 1.2155888081    1.193  3.093  3.5568  0.601    3  0.000  0.412     0.00     0.00 -1   5.1e-09      0.00 7.019e-01 2.873e-01 1.461e-03 9.983e-04 4.725e-03 -1.000 1.078e-02 -2.962 -2.091 -0.916 -3.115 0.896 -0.972 -4.692 -5.554 -5.813
0.01068 5.00e+09 1.2156141996    1.191  3.132  3.5528  0.545    3  0.000  0.412     0.00     0.00 -1  5.97e-09      0.00 7.019e-01 2.873e-01 1.461e-03 9.983e-04 4.725e-03 -1.000 1.078e-02 -3.059 -2.127 -0.883 -3.173 0.914 -0.938 -4.801 -5.670 -5.936
0.01068 5.00e+09 1.2156382799    1.188  3.171  3.5487  0.489    3  0.000  0.412     0.00     0.00 -1  7.01e-09      0.00 7.019e-01 2.873e-01 1.461e-03 9.983e-04 4.725e-03 -1.000 1.078e-02 -3.157 -2.159 -0.838 -3.229 0.939 -0.892 -4.911 -5.788 -6.060
0.01068 5.00e+09 1.2156605721    1.186  3.209  3.5446  0.434    3  0.000  0.412     0.00     0.00 -1   8.2e-09      0.00 7.019e-01 2.873e-01 1.461e-03 9.983e-04 4.725e-03 -1.000 1.078e-02 -3.252 -2.187 -0.787 -3.281 0.971 -0.840 -5.019 -5.902 -6.182
0.01068 5.00e+09 1.2156815529    1.183  3.246  3.5404  0.378    3  0.000  0.412     0.00     0.00 -1  9.59e-09      0.00 7.019e-01 2.873e-01 1.461e-03 9.983e-04 4.725e-03 -1.000 1.078e-02 -3.346 -2.208 -0.717 -3.326 1.015 -0.769 -5.126 -6.016 -6.303
0.01068 5.00e+09 1.2157009840    1.181  3.283  3.5362  0.324    3  0.000  0.412     0.00     0.00 -1  1.12e-08      0.00 7.019e-01 2.873e-01 1.461e-03 9.983e-04 4.725e-03 -1.000 1.078e-02 -3.436 -2.217 -0.622 -3.359 1.071 -0.670 -5.231 -6.126 -6.420
0.01068 5.00e+09 1.2157194614    1.177  3.319  3.5320  0.270    3  0.000  0.412     0.00     0.00 -1   1.3e-08      0.00 7.019e-01 2.873e-01 1.461e-03 9.983e-04 4.725e-03 -1.000 1.078e-02 -3.527 -2.225 -0.520 -3.391 1.132 -0.566 -5.337 -6.236 -6.538
0.01068 5.00e+09 1.2157363892    1.174  3.353  3.5279  0.218    3  0.000  0.412     0.00     0.00 -1  1.51e-08      0.00 7.019e-01 2.873e-01 1.461e-03 9.983e-04 4.725e-03 -1.000 1.078e-02 -3.613 -2.229 -0.418 -3.419 1.194 -0.461 -5.436 -6.341 -6.650
0.01068 5.00e+09 1.2157527208    1.170  3.385  3.5240  0.169    3  0.000  0.412     0.00     0.00 -1  1.73e-08      0.00 7.019e-01 2.873e-01 1.461e-03 9.984e-04 4.725e-03 -1.000 1.078e-02 -3.693 -2.214 -0.284 -3.424 1.275 -0.318 -5.529 -6.437 -6.753
0.01068 5.00e+09 1.2157571316    1.169  3.393  3.5230  0.156    3  0.000  0.412     0.00     0.00 -1   1.8e-08      0.00 7.019e-01 2.873e-01 1.461e-03 9.984e-04 4.725e-03 -1.000 1.078e-02 -3.713 -2.210 -0.248 -3.426 1.297 -0.280 -5.553 -6.462 -6.781
0.01068 5.00e+09 1.2157571316    1.169  1.739  3.6793  2.436    4  0.000  0.419     0.00     0.00 -1         0      0.00 6.976e-01 2.915e-01 1.490e-03 9.892e-04 4.745e-03 -1.000 1.088e-02 0.423 0.468 0.974 -0.182 2.014 0.860 -1.012 -1.541 -1.624
0.01068 5.00e+09 1.2159785032    1.169  1.750  3.6784  2.421    4  0.000  0.419     0.00     0.00 -1         0      0.00 6.976e-01 2.915e-01 1.490e-03 9.895e-04 4.745e-03 -1.000 1.088e-02 0.394 0.443 0.952 -0.209 1.996 0.837 -1.043 -1.575 -1.658
0.01068 5.00e+09 1.2161914110    1.170  1.755  3.6782  2.416    4  0.000  0.419     0.00     0.00 -1         0      0.00 6.976e-01 2.915e-01 1.490e-03 9.897e-04 4.745e-03 -1.000 1.088e-02 0.382 0.432 0.941 -0.221 1.987 0.827 -1.056 -1.588 -1.672
0.01068 5.00e+09 1.2164063454    1.170  1.756  3.6783  2.416    4  0.000  0.419     0.00     0.00 -1         0      0.00 6.976e-01 2.915e-01 1.490e-03 9.899e-04 4.745e-03 -1.000 1.088e-02 0.381 0.429 0.939 -0.223 1.984 0.824 -1.057 -1.589 -1.672
0.01068 5.00e+09 1.2166295052    1.170  1.755  3.6787  2.418    4  0.000  0.418     0.00     0.00 -1         0      0.00 6.976e-01 2.915e-01 1.490e-03 9.902e-04 4.745e-03 -1.000 1.088e-02 0.383 0.431 0.939 -0.221 1.982 0.825 -1.053 -1.584 -1.668
0.01068 5.00e+09 1.2168493271    1.170  1.753  3.6790  2.421    4  0.000  0.418     0.00     0.00 -1         0      0.00 6.976e-01 2.915e-01 1.489e-03 9.904e-04 4.745e-03 -1.000 1.088e-02 0.387 0.433 0.940 -0.218 1.981 0.826 -1.049 -1.579 -1.662
0.01068 5.00e+09 1.2170697451    1.171  1.752  3.6794  2.424    4  0.000  0.418     0.00     0.00 -1         0      0.00 6.976e-01 2.915e-01 1.489e-03 9.906e-04 4.745e-03 -1.000 1.088e-02 0.390 0.435 0.941 -0.215 1.980 0.827 -1.044 -1.573 -1.656
0.01068 5.00e+09 1.2172920704    1.171  1.751  3.6798  2.427    4  0.000  0.418     0.00     0.00 -1         0      0.00 6.976e-01 2.915e-01 1.489e-03 9.909e-04 4.745e-03 -1.000 1.088e-02 0.394 0.437 0.942 -0.212 1.980 0.828 -1.040 -1.567 -1.650
0.01068 5.00e+09 1.2175072432    1.171  1.749  3.6802  2.430    4  0.000  0.418     0.00     0.00 -1         0      0.00 6.976e-01 2.915e-01 1.489e-03 9.911e-04 4.745e-03 -1.000 1.088e-02 0.397 0.439 0.943 -0.209 1.978 0.829 -1.036 -1.562 -1.644
0.01068 5.00e+09 1.2177315950    1.171  1.748  3.6805  2.432    4  0.000  0.418     0.00     0.00 -1         0      0.00 6.976e-01 2.915e-01 1.489e-03 9.913e-04 4.745e-03 -1.000 1.088e-02 0.399 0.440 0.944 -0.207 1.977 0.829 -1.032 -1.558 -1.639
0.01068 5.00e+09 1.2179371119    1.172  1.748  3.6808  2.434    4  0.000  0.418     0.00     0.00 -1         0      0.00 6.976e-01 2.915e-01 1.488e-03 9.916e-04 4.745e-03 -1.000 1.088e-02 0.401 0.441 0.943 -0.206 1.975 0.829 -1.030 -1.554 -1.636
0.01068 5.00e+09 1.2181519270    1.172  1.747  3.6811  2.436    4  0.000  0.418     0.00     0.00 -1         0      0.00 6.976e-01 2.915e-01 1.488e-03 9.918e-04 4.745e-03 -1.000 1.088e-02 0.402 0.441 0.943 -0.205 1.973 0.829 -1.028 -1.551 -1.633
0.01068 5.00e+09 1.2183548212    1.172  1.747  3.6813  2.438    4  0.000  0.418     0.00     0.00 -1         0      0.00 6.976e-01 2.915e-01 1.488e-03 9.920e-04 4.745e-03 -1.000 1.088e-02 0.403 0.441 0.943 -0.204 1.971 0.828 -1.026 -1.549 -1.630
0.01068 5.00e+09 1.2185600996    1.172  1.747  3.6816  2.439    4  0.000  0.418     0.00     0.00 -1         0      0.00 6.976e-01 2.916e-01 1.488e-03 9.922e-04 4.745e-03 -1.000 1.088e-02 0.404 0.441 0.942 -0.204 1.969 0.827 -1.025 -1.547 -1.628
0.01068 5.00e+09 1.2187803984    1.173  1.746  3.6818  2.440    4  0.000  0.418     0.00     0.00 -1         0      0.00 6.976e-01 2.916e-01 1.488e-03 9.925e-04 4.745e-03 -1.000 1.088e-02 0.404 0.441 0.941 -0.204 1.967 0.826 -1.024 -1.545 -1.626
0.01068 5.00e+09 1.2188073397    1.173  1.746  3.6818  2.440    4  0.000  0.418     0.00     0.00 -1         0      0.00 6.976e-01 2.916e-01 1.488e-03 9.925e-04 4.745e-03 -1.000 1.088e-02 0.404 0.441 0.941 -0.204 1.967 0.826 -1.023 -1.545 -1.625
0.01068 5.00e+09 1.2188328505    1.173  1.746  3.6819  2.440    4  0.000  0.418     0.00     0.00 -1         0      0.00 6.976e-01 2.916e-01 1.488e-03 9.925e-04 4.745e-03 -1.000 1.088e-02 0.404 0.441 0.941 -0.204 1.967 0.826 -1.023 -1.544 -1.625
0.01068 5.00e+09 1.2190530300    1.173  1.746  3.6821  2.441    4  0.000  0.418     0.00     0.00 -1         0      0.00 6.976e-01 2.916e-01 1.487e-03 9.927e-04 4.745e-03 -1.000 1.088e-02 0.404 0.440 0.939 -0.204 1.964 0.825 -1.023 -1.543 -1.624
0.01068 5.00e+09 1.2192809582    1.173  1.747  3.6822  2.442    4  0.000  0.418     0.00     0.00 -1         0      0.00 6.976e-01 2.916e-01 1.487e-03 9.930e-04 4.745e-03 -1.000 1.088e-02 0.404 0.439 0.938 -0.205 1.962 0.823 -1.023 -1.543 -1.623
0.01068 5.00e+09 1.2194975615    1.174  1.747  3.6824  2.442    4  0.000  0.418     0.00     0.00 -1         0      0.00 6.976e-01 2.916e-01 1.487e-03 9.932e-04 4.745e-03 -1.000 1.088e-02 0.403 0.438 0.936 -0.206 1.959 0.822 -1.023 -1.543 -1.623
0.01068 5.00e+09 1.2197079659    1.174  1.748  3.6825  2.442    4  0.000  0.418     0.00     0.00 -1         0      0.00 6.976e-01 2.916e-01 1.487e-03 9.934e-04 4.745e-03 -1.000 1.088e-02 0.401 0.436 0.934 -0.207 1.957 0.820 -1.025 -1.544 -1.624
0.01068 5.00e+09 1.2199174166    1.174  1.748  3.6825  2.441    4  0.000  0.418     0.00     0.00 -1         0      0.00 6.976e-01 2.916e-01 1.487e-03 9.937e-04 4.745e-03 -1.000 1.088e-02 0.399 0.434 0.932 -0.210 1.954 0.817 -1.026 -1.546 -1.626
0.01068 5.00e+09 1.2201267481    1.174  1.750  3.6825  2.440    4  0.000  0.418     0.00     0.00 -1         0      0.00 6.976e-01 2.916e-01 1.487e-03 9.939e-04 4.745e-03 -1.000 1.088e-02 0.396 0.431 0.929 -0.213 1.951 0.814 -1.029 -1.548 -1.629
0.01068 5.00e+09 1.2203437090    1.175  1.751  3.6825  2.439    4  0.000  0.417     0.00     0.00 -1         0      0.00 6.976e-01 2.916e-01 1.486e-03 9.941e-04 4.745e-03 -1.000 1.088e-02 0.393 0.427 0.925 -0.216 1.948 0.811 -1.033 -1.552 -1.632
0.01068 5.00e+09 1.2203786373    1.175  1.751  3.6825  2.439    4  0.000  0.417     0.00     0.00 -1         0      0.00 6.976e-01 2.916e-01 1.486e-03 9.942e-04 4.745e-03 -1.000 1.088e-02 0.392 0.426 0.925 -0.217 1.947 0.810 -1.034 -1.553 -1.633
0.01068 5.00e+09 1.2204192877    1.175  1.752  3.6825  2.438    4  0.000  0.417     0.00     0.00 -1         0      0.00 6.976e-01 2.916e-01 1.486e-03 9.942e-04 4.745e-03 -1.000 1.088e-02 0.391 0.426 0.924 -0.218 1.946 0.809 -1.035 -1.554 -1.634
0.01068 5.00e+09 1.2206239700    1.175  1.754  3.6824  2.436    4  0.000  0.417     0.00     0.00 -1         0      0.00 6.976e-01 2.916e-01 1.486e-03 9.944e-04 4.745e-03 -1.000 1.088e-02 0.386 0.421 0.919 -0.223 1.943 0.805 -1.040 -1.559 -1.640
0.01068 5.00e+09 1.2208267450    1.175  1.756  3.6823  2.433    4  0.000  0.417     0.00     0.00 -1         0      0.00 6.976e-01 2.916e-01 1.486e-03 9.946e-04 4.745e-03 -1.000 1.088e-02 0.380 0.415 0.914 -0.228 1.938 0.800 -1.046 -1.566 -1.646
0.01068 5.00e+09 1.2210326195    1.175  1.759  3.6821  2.430    4  0.000  0.417     0.00     0.00 -1         0      0.00 6.976e-01 2.916e-01 1.486e-03 9.949e-04 4.745e-03 -1.000 1.088e-02 0.373 0.409 0.908 -0.235 1.934 0.794 -1.054 -1.574 -1.655
0.01068 5.00e+09 1.2212320566    1.176  1.762  3.6818  2.425    4  0.000  0.417     0.00     0.00 -1         0      0.00 6.976e-01 2.916e-01 1.486e-03 9.951e-04 4.745e-03 -1.000 1.088e-02 0.365 0.401 0.901 -0.244 1.928 0.787 -1.063 -1.584 -1.665
0.01068 5.00e+09 1.2214322090    1.176  1.766  3.6815  2.420    4  0.000  0.417     0.00     0.00 -1         0      0.00 6.975e-01 2.916e-01 1.485e-03 9.953e-04 4.745e-03 -1.000 1.088e-02 0.355 0.392 0.893 -0.253 1.923 0.779 -1.074 -1.596 -1.678
0.01068 5.00e+09 1.2216324806    1.176  1.771  3.6810  2.414    4  0.000  0.417     0.00     0.00 -1         0      0.00 6.975e-01 2.916e-01 1.485e-03 9.955e-04 4.745e-03 -1.000 1.088e-02 0.343 0.382 0.884 -0.265 1.916 0.769 -1.087 -1.611 -1.692
0.01068 5.00e+09 1.2218301296    1.176  1.776  3.6806  2.407    4  0.000  0.417     0.00     0.00 -1         0      0.00 6.975e-01 2.916e-01 1.485e-03 9.957e-04 4.745e-03 -1.000 1.088e-02 0.331 0.372 0.875 -0.276 1.909 0.760 -1.100 -1.625 -1.707
0.01068 5.00e+09 1.2220286131    1.176  1.780  3.6803  2.402    4  0.000  0.417     0.00     0.00 -1         0      0.00 6.975e-01 2.916e-01 1.485e-03 9.959e-04 4.745e-03 -1.000 1.088e-02 0.321 0.363 0.867 -0.285 1.903 0.752 -1.111 -1.637 -1.719
0.01068 5.00e+09 1.2222468853    1.177  1.785  3.6798  2.395    4  0.000  0.417     0.00     0.00 -1         0      0.00 6.975e-01 2.916e-01 1.485e-03 9.962e-04 4.745e-03 -1.000 1.088e-02 0.308 0.351 0.857 -0.298 1.896 0.742 -1.126 -1.653 -1.735
0.01068 5.00e+09 1.2224572897    1.177  1.800  3.6783  2.373    4  0.000  0.417     0.00     0.00 -1         0      0.00 6.975e-01 2.916e-01 1.485e-03 9.964e-04 4.745e-03 -1.000 1.088e-02 0.269 0.317 0.827 -0.335 1.875 0.712 -1.169 -1.701 -1.785
0.01068 5.00e+09 1.2226635218    1.177  1.825  3.6759  2.339    4  0.000  0.417     0.00     0.00 -1         0      0.00 6.975e-01 2.916e-01 1.484e-03 9.966e-04 4.745e-03 -1.000 1.088e-02 0.207 0.264 0.780 -0.394 1.842 0.665 -1.238 -1.777 -1.863
0.01068 5.00e+09 1.2228258848    1.177  1.862  3.6724  2.289    4  0.000  0.417     0.00     0.00 -1         0      0.00 6.975e-01 2.916e-01 1.484e-03 9.968e-04 4.745e-03 -1.000 1.088e-02 0.116 0.184 0.709 -0.481 1.793 0.594 -1.339 -1.888 -1.977
0.01068 5.00e+09 1.2229048014    1.177  1.899  3.6690  2.238    4  0.000  0.417     0.00     0.00 -1         0      0.00 6.975e-01 2.916e-01 1.484e-03 9.969e-04 4.745e-03 -1.000 1.088e-02 0.023 0.103 0.638 -0.570 1.743 0.522 -1.443 -2.001 -2.093
0.01068 5.00e+09 1.2229489088    1.177  1.940  3.6652  2.182    4  0.000  0.417     0.00     0.00 -1         0      0.00 6.975e-01 2.916e-01 1.484e-03 9.969e-04 4.745e-03 -1.000 1.088e-02 -0.079 0.015 0.560 -0.666 1.689 0.445 -1.555 -2.124 -2.220
0.01068 5.00e+09 1.2229701281    1.178  1.979  3.6616  2.128    4  0.000  0.417     0.00     0.00 -1         0      0.00 6.975e-01 2.916e-01 1.484e-03 9.969e-04 4.745e-03 -1.000 1.088e-02 -0.178 -0.071 0.484 -0.760 1.635 0.369 -1.665 -2.243 -2.343
0.01068 5.00e+09 1.2229802608    1.178  2.016  3.6583  2.078    4  0.000  0.417     0.00     0.00 -1         0      0.00 6.975e-01 2.916e-01 1.484e-03 9.969e-04 4.745e-03 -1.000 1.088e-02 -0.271 -0.151 0.414 -0.847 1.586 0.299 -1.767 -2.354 -2.458
0.01068 5.00e+09 1.2229863405    1.178  2.054  3.6550  2.027    4  0.000  0.417     0.00     0.00 -1         0      0.00 6.975e-01 2.916e-01 1.484e-03 9.969e-04 4.745e-03 -1.000 1.088e-02 -0.365 -0.233 0.342 -0.935 1.536 0.227 -1.870 -2.467 -2.574
0.01068 5.00e+09 1.2229901552    1.178  2.088  3.6521  1.982    4  0.000  0.417     0.00     0.00 -1         0      0.00 6.975e-01 2.916e-01 1.484e-03 9.969e-04 4.745e-03 -1.000 1.088e-02 -0.449 -0.304 0.280 -1.013 1.494 0.166 -1.961 -2.566 -2.676
0.01068 5.00e+09 1.2229906321    1.178  2.092  3.6517  1.975    4  0.000  0.417     0.00     0.00 -1         0      0.00 6.975e-01 2.916e-01 1.484e-03 9.969e-04 4.745e-03 -1.000 1.088e-02 -0.461 -0.314 0.271 -1.024 1.488 0.157 -1.974 -2.580 -2.691
0.01068 5.00e+09 1.2229907513    1.178  2.093  3.6516  1.975    7  0.000  0.417     0.00     0.00 -1         0      0.00 6.975e-01 2.916e-01 1.484e-03 9.969e-04 4.745e-03 -1.000 1.088e-02 -0.463 -0.315 0.270 -1.026 1.487 0.156 -1.976 -2.582 -2.693
0.01068 5.00e+09 1.2229913473    1.178  2.100  3.6511  1.966    7  0.000  0.417     0.00     0.00 -1         0      0.00 6.975e-01 2.916e-01 1.484e-03 9.969e-04 4.745e-03 -1.000 1.088e-02 -0.479 -0.329 0.259 -1.041 1.480 0.145 -1.994 -2.601 -2.713
0.01068 5.00e+09 1.2229951620    1.178  2.145  3.6472  1.904    7  0.000  0.417     0.00     0.00 -1         0      0.00 6.975e-01 2.916e-01 1.484e-03 9.970e-04 4.745e-03 -1.000 1.088e-02 -0.593 -0.425 0.175 -1.146 1.425 0.063 -2.118 -2.736 -2.852
0.01068 5.00e+09 1.2229983807    1.178  2.181  3.6441  1.856    7  0.000  0.417     0.00     0.00 -1         0      0.00 6.975e-01 2.916e-01 1.484e-03 9.970e-04 4.745e-03 -1.000 1.088e-02 -0.683 -0.501 0.110 -1.229 1.382 -0.001 -2.215 -2.841 -2.962
0.01068 5.00e+09 1.2230014801    1.178  2.204  3.6422  1.826    7  0.000  0.417     0.00     0.00 -1         0      0.00 6.975e-01 2.916e-01 1.484e-03 9.970e-04 4.745e-03 -1.000 1.088e-02 -0.740 -0.549 0.069 -1.282 1.355 -0.042 -2.277 -2.908 -3.031
0.01068 5.00e+09 1.2230060101    1.178  2.212  3.6415  1.815    7  0.000  0.417     0.00     0.00 -1         0      0.00 6.975e-01 2.916e-01 1.484e-03 9.970e-04 4.745e-03 -1.000 1.088e-02 -0.761 -0.567 0.053 -1.302 1.344 -0.057 -2.299 -2.933 -3.057
0.01068 5.00e+09 1.2230142355    1.178  2.190  3.6435  1.845    7  0.000  0.417     0.00     0.00 -1         0      0.00 6.975e-01 2.916e-01 1.484e-03 9.970e-04 4.745e-03 -1.000 1.088e-02 -0.705 -0.520 0.093 -1.250 1.370 -0.018 -2.239 -2.867 -2.988
0.01068 5.00e+09 1.2230209112    1.178  2.172  3.6450  1.869    7  0.000  0.417     0.00     0.00 -1         0      0.00 6.975e-01 2.916e-01 1.484e-03 9.970e-04 4.745e-03 -1.000 1.088e-02 -0.661 -0.483 0.126 -1.209 1.391 0.014 -2.191 -2.814 -2.934
0.01068 5.00e+09 1.2230362892    1.178  2.142  3.6475  1.909    7  0.000  0.417     0.00     0.00 -1         0      0.00 6.975e-01 2.916e-01 1.484e-03 9.970e-04 4.745e-03 -1.000 1.088e-02 -0.586 -0.419 0.180 -1.140 1.427 0.068 -2.109 -2.726 -2.842
0.01068 5.00e+09 1.2231568098    1.178  2.155  3.6464  1.892    7  0.000  0.417     0.00     0.00 -1         0      0.00 6.975e-01 2.916e-01 1.484e-03 9.971e-04 4.745e-03 -1.000 1.088e-02 -0.616 -0.445 0.158 -1.168 1.413 0.046 -2.143 -2.763 -2.880
0.01068 5.00e+09 1.2232505083    1.178  2.186  3.6436  1.849    7  0.000  0.417     0.00     0.00 -1         0      0.00 6.975e-01 2.916e-01 1.484e-03 9.972e-04 4.745e-03 -1.000 1.088e-02 -0.696 -0.512 0.101 -1.241 1.376 -0.010 -2.229 -2.857 -2.978
0.01068 5.00e+09 1.2233346701    1.178  2.229  3.6399  1.792    7  0.000  0.417     0.00     0.00 -1         0      0.00 6.975e-01 2.916e-01 1.484e-03 9.973e-04 4.745e-03 -1.000 1.088e-02 -0.803 -0.601 0.025 -1.340 1.327 -0.085 -2.345 -2.983 -3.109
0.01068 5.00e+09 1.2234064341    1.178  2.271  3.6363  1.735    7  0.000  0.417     0.00     0.00 -1         0      0.00 6.975e-01 2.916e-01 1.484e-03 9.974e-04 4.745e-03 -1.000 1.088e-02 -0.908 -0.688 -0.048 -1.436 1.282 -0.157 -2.459 -3.106 -3.237
0.01068 5.00e+09 1.2234673500    1.178  2.313  3.6328  1.679    7  0.000  0.417     0.00     0.00 -1         0      0.00 6.975e-01 2.916e-01 1.484e-03 9.975e-04 4.745e-03 -1.000 1.088e-02 -1.013 -0.773 -0.121 -1.531 1.237 -0.228 -2.571 -3.228 -3.364
0.01068 5.00e+09 1.2235194445    1.178  2.354  3.6293  1.624    7  0.000  0.417     0.00     0.00 -1         0      0.00 6.975e-01 2.916e-01 1.484e-03 9.975e-04 4.745e-03 -1.000 1.088e-02 -1.115 -0.858 -0.192 -1.624 1.193 -0.298 -2.682 -3.347 -3.489
0.01068 5.00e+09 1.2235647440    1.178  2.395  3.6259  1.570    7  0.000  0.417     0.00     0.00 -1         0      0.00 6.975e-01 2.916e-01 1.484e-03 9.976e-04 4.745e-03 -1.000 1.088e-02 -1.217 -0.941 -0.262 -1.716 1.152 -0.367 -2.791 -3.466 -3.613
0.01068 5.00e+09 1.2236044407    1.178  2.435  3.6224  1.516    7  0.000  0.417     0.00     0.00 -1         0      0.00 6.975e-01 2.916e-01 1.484e-03 9.976e-04 4.745e-03 -1.000 1.088e-02 -1.318 -1.022 -0.328 -1.806 1.113 -0.431 -2.900 -3.584 -3.737
0.01068 5.00e+09 1.2236398458    1.178  2.475  3.6190  1.462    7  0.000  0.417     0.00     0.00 -1         0      0.00 6.975e-01 2.916e-01 1.483e-03 9.977e-04 4.745e-03 -1.000 1.088e-02 -1.418 -1.102 -0.394 -1.896 1.078 -0.494 -3.008 -3.700 -3.859
0.01068 5.00e+09 1.2236721516    1.178  2.516  3.6155  1.408    7  0.000  0.417     0.00     0.00 -1         0      0.00 6.975e-01 2.916e-01 1.483e-03 9.977e-04 4.745e-03 -1.000 1.088e-02 -1.519 -1.182 -0.459 -1.986 1.044 -0.556 -3.116 -3.818 -3.983
0.01068 5.00e+09 1.2237018347    1.178  2.556  3.6120  1.353    7  0.000  0.417     0.00     0.00 -1         0      0.00 6.975e-01 2.916e-01 1.483e-03 9.978e-04 4.745e-03 -1.000 1.088e-02 -1.620 -1.262 -0.523 -2.076 1.012 -0.618 -3.225 -3.936 -4.107
0.01068 5.00e+09 1.2237296104    1.178  2.597  3.6085  1.298    7  0.000  0.416     0.00     0.00 -1         0      0.00 6.975e-01 2.916e-01 1.482e-03 9.981e-04 4.745e-03 -1.000 1.088e-02 -1.723 -1.340 -0.583 -2.165 0.981 -0.675 -3.335 -4.056 -4.232
0.01068 5.00e+09 1.2237552404    1.178  2.637  3.6050  1.244    7  0.000  0.416     0.00     0.00 -1         0      0.00 6.975e-01 2.916e-01 1.481e-03 9.992e-04 4.745e-03 -1.000 1.088e-02 -1.823 -1.416 -0.641 -2.251 0.951 -0.731 -3.443 -4.174 -4.356
0.01068 5.00e+09 1.2237799168    1.178  2.678  3.6014  1.189    7  0.000  0.415     0.00     0.00 -1         0      0.00 6.975e-01 2.916e-01 1.478e-03 1.002e-03 4.745e-03 -1.000 1.088e-02 -1.925 -1.493 -0.700 -2.339 0.922 -0.788 -3.552 -4.294 -4.481
0.01068 5.00e+09 1.2238030434    1.178  2.719  3.5978  1.134    7  0.000  0.414     0.00     0.00 -1         0      0.00 6.975e-01 2.916e-01 1.473e-03 1.007e-03 4.745e-03 -1.000 1.088e-02 -2.027 -1.571 -0.759 -2.427 0.894 -0.843 -3.662 -4.414 -4.608
0.01068 5.00e+09 1.2238248587    1.179  2.758  3.5942  1.080    7  0.000  0.412     0.00     0.00 -1         0      0.00 6.975e-01 2.916e-01 1.469e-03 1.013e-03 4.745e-03 -1.000 1.088e-02 -2.126 -1.641 -0.807 -2.509 0.870 -0.888 -3.768 -4.531 -4.730
0.01068 5.00e+09 1.2238466740    1.179  2.799  3.5905  1.025    7  0.000  0.411     0.00     0.00 -1         0      0.00 6.975e-01 2.916e-01 1.465e-03 1.018e-03 4.745e-03 -1.000 1.088e-02 -2.227 -1.711 -0.855 -2.592 0.847 -0.933 -3.876 -4.650 -4.856
0.01068 5.00e+09 1.2238659859    1.179  2.839  3.5867  0.970    7  0.000  0.410     0.00     0.00 -1         0      0.00 6.975e-01 2.916e-01 1.461e-03 1.022e-03 4.745e-03 -1.000 1.088e-02 -2.327 -1.781 -0.901 -2.674 0.829 -0.976 -3.984 -4.769 -4.980
0.01068 5.00e+09 1.2238798141    1.179  2.876  3.5832  0.918    7  0.000  0.409     0.00     0.00 -1         0      0.00 6.975e-01 2.916e-01 1.458e-03 1.025e-03 4.745e-03 -1.000 1.088e-02 -2.421 -1.844 -0.939 -2.751 0.816 -1.012 -4.086 -4.881 -5.098
0.01068 5.00e+09 1.2238892317    1.179  2.910  3.5799  0.871    7  0.000  0.409     0.00     0.00 -1         0      0.00 6.975e-01 2.916e-01 1.456e-03 1.028e-03 4.745e-03 -1.000 1.088e-02 -2.504 -1.895 -0.963 -2.815 0.808 -1.032 -4.177 -4.980 -5.203
0.01068 5.00e+09 1.2238974571    1.179  2.946  3.5763  0.820    7  0.000  0.408     0.00     0.00 -1         0      0.00 6.975e-01 2.916e-01 1.454e-03 1.031e-03 4.745e-03 -1.000 1.088e-02 -2.596 -1.950 -0.987 -2.885 0.802 -1.053 -4.277 -5.090 -5.319
0.01068 5.00e+09 1.2239048481    1.179  2.984  3.5724  0.767    7  0.000  0.408     0.00     0.00 -1         0      0.00 6.975e-01 2.916e-01 1.452e-03 1.034e-03 4.745e-03 -1.000 1.087e-02 -2.691 -2.007 -1.011 -2.957 0.797 -1.075 -4.381 -5.204 -5.439
0.01068 5.00e+09 1.2239117622    1.179  3.023  3.5684  0.712    7  0.000  0.407     0.00     0.00 -1         0      0.00 6.975e-01 2.916e-01 1.450e-03 1.036e-03 4.745e-03 -1.000 1.087e-02 -2.787 -2.059 -1.024 -3.027 0.797 -1.085 -4.487 -5.320 -5.562
0.01068 5.00e+09 1.2239183187    1.179  3.062  3.5642  0.656    7  0.000  0.407     0.00     0.00 -1         0      0.00 6.975e-01 2.916e-01 1.449e-03 1.037e-03 4.745e-03 -1.000 1.088e-02 -2.886 -2.106 -1.020 -3.095 0.804 -1.078 -4.597 -5.439 -5.688
0.01068 5.00e+09 1.2239251137    1.179  3.105  3.5596  0.594    7  0.000  0.407     0.00     0.00 -1         0      0.00 6.975e-01 2.916e-01 1.448e-03 1.038e-03 4.745e-03 -1.000 1.088e-02 -2.993 -2.155 -1.011 -3.167 0.815 -1.068 -4.716 -5.570 -5.826
0.01068 5.00e+09 1.2239325047    1.179  3.150  3.5545  0.529    7  0.000  0.406     0.00     0.00 -1         0      0.00 6.975e-01 2.916e-01 1.447e-03 1.039e-03 4.745e-03 -1.000 1.088e-02 -3.106 -2.200 -0.985 -3.237 0.836 -1.040 -4.842 -5.707 -5.972
0.01068 5.00e+09 1.2239406109    1.179  3.193  3.5496  0.466    7  0.000  0.406     0.00     0.00 -1         0      0.00 6.975e-01 2.916e-01 1.447e-03 1.039e-03 4.745e-03 -1.000 1.088e-02 -3.213 -2.229 -0.922 -3.294 0.874 -0.976 -4.965 -5.839 -6.111
0.01068 5.00e+09 1.2239439487    1.179  3.211  3.5476  0.441    7  0.000  0.406     0.00     0.00 -1         0      0.00 6.975e-01 2.916e-01 1.447e-03 1.039e-03 4.745e-03 -1.000 1.088e-02 -3.257 -2.240 -0.895 -3.317 0.892 -0.948 -5.015 -5.892 -6.168
0.01068 5.00e+09 1.2239449024    1.179  3.211  3.5476  0.441    7  0.000  0.406     0.00     0.00 -1         0      0.00 6.975e-01 2.916e-01 1.447e-03 1.039e-03 4.745e-03 -1.000 1.088e-02 -3.257 -2.240 -0.896 -3.317 0.891 -0.949 -5.015 -5.892 -6.168
0.01068 5.00e+09 1.2239451408    1.179  3.209  3.5478  0.444    7  0.000  0.406     0.00     0.00 -1         0      0.00 6.975e-01 2.916e-01 1.447e-03 1.039e-03 4.745e-03 -1.000 1.088e-02 -3.252 -2.239 -0.899 -3.315 0.889 -0.952 -5.010 -5.887 -6.162
0.01068 5.00e+09 1.2239454985    1.179  3.209  3.5478  0.443    7  0.000  0.406     0.00     0.00 -1         0      0.00 6.975e-01 2.916e-01 1.447e-03 1.039e-03 4.745e-03 -1.000 1.088e-02 -3.253 -2.240 -0.899 -3.315 0.889 -0.952 -5.010 -5.887 -6.162
0.01068 5.00e+09 1.2239457369    1.179  3.209  3.5478  0.443    7  0.000  0.406     0.00     0.00 -1         0      0.00 6.975e-01 2.916e-01 1.447e-03 1.039e-03 4.745e-03 -1.000 1.088e-02 -3.253 -2.240 -0.898 -3.316 0.889 -0.952 -5.011 -5.888 -6.163
0.01068 5.00e+09 1.2239459753    1.179  3.209  3.5478  0.443    7  0.000  0.406     0.00     0.00 -1         0      0.00 6.975e-01 2.916e-01 1.447e-03 1.039e-03 4.745e-03 -1.000 1.088e-02 -3.254 -2.240 -0.898 -3.316 0.889 -0.952 -5.011 -5.888 -6.164
0.01068 5.00e+09 1.2239463329    1.179  3.209  3.5478  0.443    7  0.000  0.406     0.00     0.00 -1         0      0.00 6.975e-01 2.916e-01 1.447e-03 1.039e-03 4.745e-03 -1.000 1.088e-02 -3.253 -2.240 -0.899 -3.316 0.889 -0.952 -5.011 -5.888 -6.163
0.01068 5.00e+09 1.2239468098    1.179  3.171  3.5521  0.498    7  0.000  0.406     0.00     0.00 -1         0      0.00 6.975e-01 2.916e-01 1.447e-03 1.039e-03 4.745e-03 -1.000 1.088e-02 -3.158 -2.214 -0.954 -3.264 0.854 -1.008 -4.902 -5.771 -6.040
0.01068 5.00e+09 1.2239475250    1.179  3.216  3.5469  0.433    7  0.000  0.406     0.00     0.00 -1         0      0.00 6.975e-01 2.916e-01 1.447e-03 1.039e-03 4.745e-03 -1.000 1.088e-02 -3.271 -2.244 -0.886 -3.325 0.897 -0.939 -5.031 -5.910 -6.186
0.01068 5.00e+09 1.2239484787    1.179  3.252  3.5426  0.380    7  0.000  0.406     0.00     0.00 -1         0      0.00 6.975e-01 2.916e-01 1.447e-03 1.039e-03 4.745e-03 -1.000 1.088e-02 -3.359 -2.262 -0.821 -3.369 0.940 -0.874 -5.133 -6.019 -6.303
0.01068 5.00e+09 1.2239496708    1.179  3.278  3.5392  0.340    7  0.000  0.406     0.00     0.00 -1         0      0.00 6.975e-01 2.916e-01 1.447e-03 1.039e-03 4.745e-03 -1.000 1.088e-02 -3.425 -2.265 -0.743 -3.390 0.988 -0.793 -5.210 -6.101 -6.390
0.01068 5.00e+09 1.2239514589    1.179  3.323  3.5334  0.272    7  0.527  0.406     0.00     0.00 -1         0      0.00 6.975e-01 2.916e-01 1.447e-03 1.040e-03 4.745e-03 -1.000 1.085e-02 -3.538 -2.263 -0.594 -3.422 1.079 -0.640 -5.342 -6.240 -6.540
0.01068 5.00e+09 1.2239533663    1.179  3.362  3.5285  0.213    7  0.527  0.406     0.00     0.00 -1         0      0.00 6.975e-01 2.916e-01 1.447e-03 1.040e-03 4.745e-03 -1.000 1.085e-02 -3.635 -2.262 -0.465 -3.450 1.157 -0.509 -5.456 -6.360 -6.669
0.01068 5.00e+09 1.2239534855    1.179  3.362  3.5253  0.201    8  0.527  0.427   114.81    61.00  1 -1.17e-07      0.00 6.975e-01 2.916e-01 1.523e-03 1.041e-03 4.756e-03 -1.000 1.087e-02 -3.635 -2.189 -0.302 -3.392 1.269 -0.339 -5.466 -6.374 -6.687
0.01068 5.00e+09 1.2239536047    1.178  3.111  3.5555  0.572    8  0.527  0.427    51.54    30.52  1 -4.28e-08      0.00 6.975e-01 2.916e-01 1.523e-03 1.041e-03 4.756e-03 -1.000 1.087e-02 -3.009 -2.120 -0.925 -3.150 0.890 -0.980 -4.742 -5.606 -5.868
0.01068 5.00e+09 1.2239537239    1.178  3.002  3.5687  0.734    8  0.527  0.427    36.37    22.58  1 -2.91e-08      0.00 6.975e-01 2.916e-01 1.523e-03 1.041e-03 4.756e-03 -1.000 1.087e-02 -2.736 -2.012 -0.981 -2.978 0.835 -1.041 -4.435 -5.268 -5.509
0.01068 5.00e+09 1.2239540815    1.177  2.822  3.5904  1.001    8  0.527  0.427    20.44    13.72  1 -1.65e-08      0.00 6.975e-01 2.916e-01 1.523e-03 1.041e-03 4.756e-03 -1.000 1.087e-02 -2.285 -1.769 -0.911 -2.650 0.797 -0.990 -3.935 -4.708 -4.915
0.01068 5.00e+09 1.2239546776    1.176  2.844  3.5877  0.968    8  0.528  0.427    21.93    14.58  1 -1.76e-08      0.00 6.975e-01 2.916e-01 1.523e-03 1.041e-03 4.756e-03 -1.000 1.087e-02 -2.339 -1.801 -0.927 -2.692 0.801 -1.003 -3.995 -4.776 -4.987
0.01068 5.00e+09 1.2239552736    1.175  2.967  3.5727  0.784    8  0.528  0.427    32.61    20.54  1 -2.58e-08      0.00 6.975e-01 2.916e-01 1.523e-03 1.041e-03 4.756e-03 -1.000 1.087e-02 -2.647 -1.966 -0.974 -2.915 0.829 -1.038 -4.337 -5.159 -5.394
0.01068 5.00e+09 1.2239561081    1.173  3.132  3.5525  0.537    8  0.528  0.427    55.50    32.52  1 -4.63e-08      0.00 6.975e-01 2.916e-01 1.523e-03 1.041e-03 4.756e-03 -1.000 1.087e-02 -3.060 -2.122 -0.872 -3.170 0.925 -0.927 -4.802 -5.672 -5.939
0.01068 5.00e+09 1.2239570618    1.171  3.274  3.5350  0.325    8  0.528  0.427    87.74    48.29  1 -8.09e-08      0.00 6.975e-01 2.916e-01 1.523e-03 1.041e-03 4.756e-03 -1.000 1.087e-02 -3.414 -2.171 -0.547 -3.320 1.128 -0.594 -5.213 -6.110 -6.405
0.01068 5.00e+09 1.2239582539    1.169  3.369  3.5230  0.180    8  0.529  0.427   119.88    63.22  1 -1.21e-07      0.00 6.975e-01 2.916e-01 1.523e-03 1.041e-03 4.756e-03 -1.000 1.087e-02 -3.654 -2.151 -0.193 -3.366 1.343 -0.224 -5.493 -6.403 -6.720
0.01068 5.00e+09 1.2239595652    1.166  3.425  3.5158  0.095    8  0.529  0.427   144.06    74.07  0 -1.54e-07      0.00 6.975e-01 2.916e-01 1.523e-03 1.041e-03 4.756e-03 -1.000 1.087e-02 -3.793 -2.113 0.072 -3.364 1.505 0.056 -5.657 -6.572 -6.904
0.01068 5.00e+09 1.2239609957    1.163  3.457  3.5114  0.044    8  0.529  0.427   160.73    81.39  0 -1.78e-07      0.00 6.975e-01 2.916e-01 1.523e-03 1.041e-03 4.756e-03 -1.000 1.087e-02 -3.873 -2.079 0.246 -3.350 1.613 0.243 -5.752 -6.671 -7.010
0.01068 5.00e+09 1.2239626646    1.160  3.482  3.5079  0.004    8  0.530  0.427   175.03    87.56  0 -1.99e-07      0.00 6.975e-01 2.916e-01 1.523e-03 1.041e-03 4.756e-03 -1.000 1.087e-02 -3.934 -2.045 0.392 -3.329 1.706 0.403 -5.825 -6.746 -7.091
0.01068 5.00e+09 1.2239627838    1.160  3.295  3.5310  0.283    8  0.530  0.427    95.94    52.07  1 -8.89e-08      0.00 6.975e-01 2.916e-01 1.523e-03 1.041e-03 4.756e-03 -1.000 1.087e-02 -3.469 -2.147 -0.420 -3.318 1.212 -0.465 -5.281 -6.183 -6.485
0.01068 5.00e+09 1.2239629030    1.160  3.129  3.5516  0.531    8  0.530  0.427    56.12    32.75  1 -4.61e-08      0.00 6.975e-01 2.916e-01 1.523e-03 1.041e-03 4.756e-03 -1.000 1.087e-02 -3.053 -2.101 -0.835 -3.154 0.955 -0.889 -4.798 -5.670 -5.937
0.01068 5.00e+09 1.2239633799    1.159  2.947  3.5742  0.804    8  0.530  0.427    31.15    19.68  1 -2.45e-08      0.00 6.975e-01 2.916e-01 1.523e-03 1.041e-03 4.756e-03 -1.000 1.087e-02 -2.596 -1.931 -0.951 -2.874 0.844 -1.016 -4.282 -5.101 -5.333
0.01068 5.00e+09 1.2239638567    1.157  2.965  3.5719  0.776    8  0.530  0.427    33.09    20.73  1  -2.6e-08      0.00 6.975e-01 2.916e-01 1.523e-03 1.041e-03 4.756e-03 -1.000 1.087e-02 -2.642 -1.954 -0.955 -2.906 0.851 -1.018 -4.333 -5.158 -5.394
0.01068 5.00e+09 1.2239645720    1.155  3.082  3.5573  0.600    8  0.530  0.427    48.39    28.79  1 -3.89e-08      0.00 6.975e-01 2.916e-01 1.523e-03 1.041e-03 4.756e-03 -1.000 1.087e-02 -2.935 -2.069 -0.899 -3.091 0.916 -0.954 -4.663 -5.524 -5.782
0.01068 5.00e+09 1.2239654064    1.153  3.239  3.5375  0.363    8  0.531  0.427    80.61    44.74  1  -7.1e-08      0.00 6.975e-01 2.916e-01 1.523e-03 1.041e-03 4.756e-03 -1.000 1.087e-02 -3.327 -2.134 -0.575 -3.268 1.122 -0.624 -5.117 -6.011 -6.302
0.01068 5.00e+09 1.2239664793    1.151  3.371  3.5207  0.162    8  0.531  0.427   124.33    65.03  1 -1.23e-07      0.00 6.975e-01 2.916e-01 1.523e-03 1.041e-03 4.756e-03 -1.000 1.087e-02 -3.658 -2.101 -0.074 -3.327 1.427 -0.100 -5.505 -6.417 -6.738
0.01068 5.00e+09 1.2239676714    1.147  3.458  3.5095  0.030    8  0.532  0.427   165.32    83.16  0  -1.8e-07      0.00 6.975e-01 2.916e-01 1.523e-03 1.041e-03 4.756e-03 -1.000 1.087e-02 -3.874 -2.031 0.351 -3.309 1.688 0.355 -5.759 -6.680 -7.021
0.01068 5.00e+09 1.2239689827    1.144  3.504  3.5034 -0.042    8  0.532  0.427   192.90    94.96  0 -2.22e-07      0.00 6.975e-01 2.916e-01 1.523e-03 1.041e-03 4.756e-03 -1.000 1.087e-02 -3.989 -1.977 0.610 -3.278 1.849 0.638 -5.896 -6.819 -7.171
0.01068 5.00e+09 1.2239705324    1.140  3.525  3.5002 -0.078    8  0.533  0.427   208.42   101.46  0 -2.46e-07      0.00 6.975e-01 2.916e-01 1.523e-03 1.041e-03 4.756e-03 -1.000 1.087e-02 -4.043 -1.942 0.755 -3.256 1.941 0.794 -5.962 -6.887 -7.244
0.01068 5.00e+09 1.2239722013    1.136  3.539  3.4980 -0.101    8  0.533  0.427   219.11   105.85  0 -2.62e-07      0.00 6.975e-01 2.916e-01 1.523e-03 1.041e-03 4.756e-03 -1.000 1.087e-02 -4.077 -1.927 0.821 -3.245 1.990 0.869 -6.003 -6.928 -7.288
0.01068 5.00e+09 1.2239723206    1.136  3.363  3.5205  0.164    8  0.533  0.427   123.57    64.51  1 -1.21e-07      0.00 6.975e-01 2.916e-01 1.523e-03 1.041e-03 4.756e-03 -1.000 1.087e-02 -3.637 -2.076 -0.045 -3.303 1.452 -0.071 -5.485 -6.397 -6.718
0.01068 5.00e+09 1.2239725590    1.135  3.198  3.5416  0.413    8  0.534  0.427    72.20    40.54  1 -6.15e-08      0.00 6.975e-01 2.916e-01 1.523e-03 1.041e-03 4.756e-03 -1.000 1.087e-02 -3.225 -2.112 -0.655 -3.223 1.081 -0.707 -5.001 -5.890 -6.174
0.01068 5.00e+09 1.2239729166    1.133  3.015  3.5650  0.689    8  0.534  0.427    39.84    24.24  1 -3.15e-08      0.00 6.975e-01 2.916e-01 1.523e-03 1.041e-03 4.756e-03 -1.000 1.087e-02 -2.768 -1.998 -0.921 -2.982 0.893 -0.981 -4.477 -5.319 -5.565
0.01068 5.00e+09 1.2239735126    1.132  3.033  3.5626  0.661    8  0.534  0.427    42.27    25.50  1 -3.35e-08      0.00 6.975e-01 2.916e-01 1.523e-03 1.041e-03 4.756e-03 -1.000 1.087e-02 -2.812 -2.013 -0.908 -3.008 0.907 -0.966 -4.527 -5.374 -5.624
0.01068 5.00e+09 1.2239742279    1.129  3.146  3.5479  0.488    8  0.534  0.427    61.45    35.23  1 -5.07e-08      0.00 6.975e-01 2.916e-01 1.523e-03 1.041e-03 4.756e-03 -1.000 1.087e-02 -3.096 -2.085 -0.750 -3.159 1.019 -0.804 -4.852 -5.731 -6.004
0.01068 5.00e+09 1.2239751816    1.126  3.298  3.5281  0.256    8  0.535  0.427   101.33    54.25  1 -9.28e-08      0.00 6.975e-01 2.916e-01 1.523e-03 1.041e-03 4.756e-03 -1.000 1.087e-02 -3.476 -2.098 -0.299 -3.286 1.302 -0.342 -5.297 -6.203 -6.510
0.01068 5.00e+09 1.2239763737    1.123  3.426  3.5114  0.060    8  0.535  0.427   154.69    78.15  0 -1.61e-07      0.00 6.975e-01 2.916e-01 1.523e-03 1.041e-03 4.756e-03 -1.000 1.087e-02 -3.795 -2.003 0.317 -3.273 1.680 0.315 -5.674 -6.593 -6.931
0.01068 5.00e+09 1.2239776850    1.118  3.509  3.5003 -0.069    8  0.536  0.427   203.84    99.11  0 -2.32e-07      0.00 6.975e-01 2.916e-01 1.523e-03 1.041e-03 4.756e-03 -1.000 1.087e-02 -4.001 -1.906 0.782 -3.219 1.969 0.820 -5.919 -6.844 -7.201
0.01068 5.00e+09 1.2239791155    1.114  3.551  3.4944 -0.137    8  0.537  0.427   236.00   112.39  0 -2.83e-07      0.00 6.975e-01 2.916e-01 1.523e-03 1.041e-03 4.756e-03 -1.000 1.087e-02 -4.108 -1.878 0.950 -3.203 2.092 1.013 -6.048 -6.973 -7.337
0.01068 5.00e+09 1.2239807844    1.108  3.570  3.4914 -0.170    8  0.538  0.427   253.25   119.33  0  -3.1e-07      0.00 6.975e-01 2.916e-01 1.523e-03 1.041e-03 4.756e-03 -1.000 1.087e-02 -4.155 -1.858 1.036 -3.189 2.158 1.112 -6.106 -7.032 -7.400
0.01068 5.00e+09 1.2239826918    1.103  3.581  3.4895 -0.190    8  0.538  0.427   264.45   123.73  0 -3.28e-07      0.00 6.975e-01 2.916e-01 1.523e-03 1.041e-03 4.756e-03 -1.000 1.087e-02 -4.182 -1.840 1.096 -3.176 2.205 1.180 -6.139 -7.066 -7.436
0.01068 5.00e+09 1.2239828110    1.102  3.419  3.5107  0.056    8  0.538  0.427   155.41    78.14  0 -1.59e-07      0.00 6.975e-01 2.916e-01 1.523e-03 1.041e-03 4.756e-03 -1.000 1.087e-02 -3.777 -1.968 0.372 -3.240 1.723 0.372 -5.658 -6.578 -6.916
0.01068 5.00e+09 1.2239830494    1.101  3.256  3.5320  0.304    8  0.539  0.427    91.10    49.23  1    -8e-08      0.00 6.975e-01 2.916e-01 1.523e-03 1.041e-03 4.756e-03 -1.000 1.087e-02 -3.370 -2.068 -0.369 -3.234 1.270 -0.415 -5.178 -6.079 -6.380
0.01068 5.00e+09 1.2239835262    1.099  3.074  3.5558  0.581    8  0.539  0.427    50.13    29.37  1 -3.99e-08      0.00 6.975e-01 2.916e-01 1.523e-03 1.041e-03 4.756e-03 -1.000 1.087e-02 -2.914 -2.029 -0.839 -3.058 0.975 -0.894 -4.646 -5.510 -5.771
0.01068 5.00e+09 1.2239841223    1.097  3.091  3.5534  0.553    8  0.539  0.427    53.21    30.90  1 -4.26e-08      0.00 6.975e-01 2.916e-01 1.523e-03 1.041e-03 4.756e-03 -1.000 1.087e-02 -2.957 -2.034 -0.801 -3.077 0.999 -0.856 -4.696 -5.565 -5.830
0.01068 5.00e+09 1.2239849567    1.093  3.201  3.5387  0.383    8  0.540  0.427    76.81    42.42  1 -6.49e-08      0.00 6.975e-01 2.916e-01 1.523e-03 1.041e-03 4.756e-03 -1.000 1.087e-02 -3.233 -2.064 -0.536 -3.191 1.171 -0.586 -5.018 -5.911 -6.200
0.01068 5.00e+09 1.2239859104    1.089  3.348  3.5192  0.156    8  0.540  0.427   125.18    64.64  1 -1.19e-07      0.00 6.975e-01 2.916e-01 1.523e-03 1.041e-03 4.756e-03 -1.000 1.087e-02 -3.599 -2.005 0.067 -3.239 1.541 0.044 -5.451 -6.365 -6.688
0.01068 5.00e+09 1.2239872217    1.084  3.471  3.5025 -0.036    8  0.541  0.427   189.19    92.28  0 -2.04e-07      0.00 6.975e-01 2.916e-01 1.523e-03 1.041e-03 4.756e-03 -1.000 1.087e-02 -3.907 -1.874 0.735 -3.178 1.956 0.765 -5.817 -6.741 -7.094
0.01068 5.00e+09 1.2239885330    1.078  3.550  3.4916 -0.161    8  0.542  0.427   247.63   116.31  0 -2.93e-07      0.00 6.975e-01 2.916e-01 1.523e-03 1.041e-03 4.756e-03 -1.000 1.087e-02 -4.105 -1.812 1.075 -3.143 2.196 1.150 -6.055 -6.981 -7.348
0.01068 5.00e+09 1.2239902020    1.072  3.590  3.4857 -0.227    8  0.543  0.427   285.76   131.46  0 -3.55e-07      0.00 6.975e-01 2.916e-01 1.523e-03 1.041e-03 4.756e-03 -1.000 1.087e-02 -4.206 -1.778 1.239 -3.120 2.324 1.339 -6.177 -7.105 -7.479
0.01068 5.00e+09 1.2239919901    1.065  3.608  3.4827 -0.260    8  0.543  0.427   306.37   139.39  0 -3.88e-07      0.00 6.975e-01 2.916e-01 1.523e-03 1.041e-03 4.756e-03 -1.000 1.087e-02 -4.250 -1.773 1.282 -3.118 2.370 1.391 -6.231 -7.159 -7.536
0.01068 5.00e+09 1.2239940166    1.057  3.617  3.4807 -0.281    8  0.545  0.427   319.98   144.46  0 -4.09e-07      0.00 6.975e-01 2.916e-01 1.523e-03 1.041e-03 4.756e-03 -1.000 1.087e-02 -4.274 -1.764 1.314 -3.111 2.405 1.429 -6.261 -7.189 -7.568
0.01068 5.00e+09 1.2239941359    1.056  3.472  3.5003 -0.057    8  0.545  0.427   197.44    95.15  0 -2.12e-07      0.00 6.975e-01 2.916e-01 1.523e-03 1.041e-03 4.756e-03 -1.000 1.087e-02 -3.910 -1.816 0.866 -3.128 2.050 0.905 -5.827 -6.752 -7.108
0.01068 5.00e+09 1.2239943743    1.054  3.312  3.5219  0.189    8  0.545  0.427   116.21    60.15  1 -1.06e-07      0.00 6.975e-01 2.916e-01 1.523e-03 1.041e-03 4.756e-03 -1.000 1.087e-02 -3.509 -1.982 0.004 -3.202 1.517 -0.025 -5.352 -6.263 -6.581
0.01068 5.00e+09 1.2239948511    1.050  3.130  3.5464  0.467    8  0.545  0.427    63.79    35.78  1  -5.2e-08      0.00 6.975e-01 2.916e-01 1.523e-03 1.041e-03 4.756e-03 -1.000 1.087e-02 -3.055 -2.020 -0.656 -3.103 1.107 -0.710 -4.816 -5.697 -5.973
0.01068 5.00e+09 1.2239954472    1.044  3.147  3.5441  0.438    8  0.545  0.427    67.83    37.69  1  -5.6e-08      0.00 6.975e-01 2.916e-01 1.523e-03 1.041e-03 4.756e-03 -1.000 1.087e-02 -3.098 -2.025 -0.617 -3.122 1.135 -0.671 -4.866 -5.751 -6.031
0.01068 5.00e+09 1.2239962816    1.037  3.254  3.5296  0.270    8  0.546  0.427    97.33    51.41  1 -8.63e-08      0.00 6.975e-01 2.916e-01 1.523e-03 1.041e-03 4.756e-03 -1.000 1.087e-02 -3.365 -2.015 -0.254 -3.195 1.363 -0.298 -5.181 -6.085 -6.390
0.01068 5.00e+09 1.2239973545    1.028  3.395  3.5103  0.048    8  0.547  0.427   156.92    77.54  0 -1.59e-07      0.00 6.975e-01 2.916e-01 1.523e-03 1.041e-03 4.756e-03 -1.000 1.087e-02 -3.717 -1.898 0.455 -3.172 1.802 0.457 -5.600 -6.520 -6.859
0.01068 5.00e+09 1.2239985466    1.017  3.513  3.4940 -0.140    8  0.547  0.427   235.16   109.72  0 -2.72e-07      0.00 6.975e-01 2.916e-01 1.523e-03 1.041e-03 4.756e-03 -1.000 1.087e-02 -4.013 -1.775 1.060 -3.101 2.200 1.125 -5.955 -6.880 -7.244
0.01068 5.00e+09 1.2239999771    1.005  3.589  3.4834 -0.263    8  0.548  0.427   306.63   137.61  0 -3.92e-07      0.00 6.975e-01 2.916e-01 1.523e-03 1.041e-03 4.756e-03 -1.000 1.087e-02 -4.203 -1.735 1.316 -3.080 2.406 1.423 -6.182 -7.109 -7.487
0.01068 5.00e+09 1.2240016460    0.991  3.628  3.4778 -0.331    8  0.549  0.427   354.11   155.31  0  -4.8e-07      0.00 6.975e-01 2.916e-01 1.523e-03 1.041e-03 4.756e-03 -1.000 1.087e-02 -4.300 -1.735 1.387 -3.086 2.489 1.511 -6.298 -7.226 -7.609
0.01068 5.00e+09 1.2240034342    0.976  3.645  3.4750 -0.366    8  0.550  0.427   381.22   164.86  0 -5.35e-07      0.00 6.975e-01 2.916e-01 1.523e-03 1.041e-03 4.756e-03 -1.000 1.087e-02 -4.343 -1.729 1.427 -3.083 2.536 1.560 -6.350 -7.279 -7.665
0.01068 5.00e+09 1.2240054607    0.959  3.654  3.4733 -0.389    8  0.552  0.427   400.55   171.26  0 -6.15e-07      0.00 6.975e-01 2.916e-01 1.523e-03 1.041e-03 4.756e-03 -1.000 1.087e-02 -4.366 -1.721 1.457 -3.077 2.571 1.595 -6.379 -7.308 -7.696
0.01068 5.00e+09 1.2240055799    0.957  3.526  3.4914 -0.189    8  0.552  0.427   259.92   117.79  0 -3.21e-07      0.00 6.975e-01 2.916e-01 1.523e-03 1.041e-03 4.756e-03 -1.000 1.087e-02 -4.044 -1.743 1.160 -3.075 2.287 1.236 -5.996 -6.921 -7.290
0.01068 5.00e+09 1.2240056992    0.952  3.368  3.5140  0.057    8  0.552  0.427   152.92    74.36  0 -1.62e-07      0.00 6.975e-01 2.916e-01 1.523e-03 1.041e-03 4.756e-03 -1.000 1.087e-02 -3.650 -1.924 0.322 -3.185 1.735 0.310 -5.520 -6.437 -6.773
0.01068 5.00e+09 1.2240060568    0.944  3.187  3.5402  0.339    8  0.552  0.427    83.06    43.77  1 -7.88e-08      0.00 6.975e-01 2.916e-01 1.523e-03 1.041e-03 4.756e-03 -1.000 1.087e-02 -3.196 -2.055 -0.557 -3.175 1.189 -0.608 -4.978 -5.867 -6.155
0.01068 5.00e+09 1.2240066528    0.931  3.202  3.5393  0.314    8  0.552  0.427    87.61    45.68  1 -8.68e-08      0.00 6.975e-01 2.916e-01 1.523e-03 1.041e-03 4.756e-03 -1.000 1.087e-02 -3.236 -2.077 -0.553 -3.202 1.190 -0.603 -5.022 -5.911 -6.201
0.01068 5.00e+09 1.2240072489    0.916  3.304  3.5267  0.154    8  0.553  0.427   123.42    61.13  0 -1.37e-07      0.00 6.975e-01 2.916e-01 1.523e-03 1.041e-03 4.756e-03 -1.000 1.087e-02 -3.491 -2.076 -0.221 -3.274 1.394 -0.261 -5.318 -6.223 -6.537
0.01068 5.00e+09 1.2240080833    0.897  3.438  3.5100 -0.055    8  0.553  0.427   193.79    89.73  0 -2.58e-07      0.00 6.975e-01 2.916e-01 1.523e-03 1.041e-03 4.756e-03 -1.000 1.087e-02 -3.826 -1.986 0.412 -3.264 1.784 0.414 -5.712 -6.628 -6.974
0.01068 5.00e+09 1.2240091562    0.875  3.550  3.4967 -0.231    8  0.554  0.427   282.73   123.41  0 -4.54e-07      0.00 6.975e-01 2.916e-01 1.523e-03 1.041e-03 4.756e-03 -1.000 1.087e-02 -4.105 -1.906 0.925 -3.230 2.114 0.979 -6.041 -6.961 -7.330
0.01068 5.00e+09 1.2240103483    0.850  3.621  3.4895 -0.343    8  0.555  0.427   359.69   150.46  0 -6.77e-07      0.00 6.975e-01 2.916e-01 1.523e-03 1.041e-03 4.756e-03 -1.000 1.087e-02 -4.282 -1.908 1.098 -3.248 2.248 1.185 -6.245 -7.167 -7.548
0.01068 5.00e+09 1.2240116596    0.822  3.656  3.4877 -0.400    8  0.556  0.427   406.20   165.09  0 -8.68e-07      0.00 6.975e-01 2.916e-01 1.523e-03 1.041e-03 4.756e-03 -1.000 1.087e-02 -4.370 -1.944 1.118 -3.289 2.267 1.214 -6.340 -7.262 -7.649
0.01068 5.00e+09 1.2240130901    0.792  3.670  3.4892 -0.425    8  0.556  0.427   428.21   170.14  0 -1.02e-06      0.00 6.975e-01 2.916e-01 1.523e-03 1.041e-03 4.756e-03 -1.000 1.087e-02 -4.406 -2.008 1.040 -3.351 2.209 1.129 -6.372 -7.292 -7.679
0.01068 5.00e+09 1.2240147591    0.760  3.677  3.4922 -0.437    8  0.558  0.427   440.82   171.04  0 -1.17e-06      0.00 6.975e-01 2.916e-01 1.523e-03 1.041e-03 4.756e-03 -1.000 1.087e-02 -4.423 -2.088 0.915 -3.426 2.115 0.991 -6.380 -7.297 -7.682
0.01068 5.00e+09 1.2240147591    0.759  3.562  3.5088 -0.256    8  0.558  0.427   298.05   121.91  0 -6.94e-07      0.00 6.975e-01 2.916e-01 1.523e-03 1.041e-03 4.756e-03 -1.000 1.087e-02 -4.134 -2.240 0.273 -3.530 1.679 0.282 -6.033 -6.941 -7.298
0.01068 5.00e+09 1.2240147591    0.758  3.405  3.5316 -0.009    8  0.558  0.427   175.02    76.86  0 -3.49e-07      0.00 6.975e-01 2.916e-01 1.523e-03 1.041e-03 4.756e-03 -1.000 1.087e-02 -3.743 -2.423 -0.665 -3.599 1.092 -0.710 -5.559 -6.449 -6.764
0.01068 5.00e+09 1.2240148783    0.755  3.222  3.5585  0.280    8  0.558  0.427    93.86    44.76  0 -1.65e-07      0.00 6.975e-01 2.916e-01 1.523e-03 1.041e-03 4.756e-03 -1.000 1.087e-02 -3.285 -2.431 -1.250 -3.454 0.700 -1.302 -5.021 -5.862 -6.131
0.01068 5.00e+09 1.2240149975    0.751  3.235  3.5580  0.263    8  0.558  0.427    97.43    46.09  0 -1.77e-07      0.00 6.975e-01 2.916e-01 1.523e-03 1.041e-03 4.756e-03 -1.000 1.087e-02 -3.317 -2.456 -1.268 -3.482 0.687 -1.320 -5.055 -5.896 -6.167
0.01068 5.00e+09 1.2240151167    0.745  3.330  3.5462  0.117    8  0.558  0.427   133.54    60.31  0  -2.7e-07      0.00 6.975e-01 2.916e-01 1.523e-03 1.041e-03 4.756e-03 -1.000 1.087e-02 -3.556 -2.511 -1.106 -3.604 0.803 -1.155 -5.328 -6.193 -6.483
0.01068 5.00e+09 1.2240153551    0.739  3.456  3.5304 -0.076    8  0.558  0.427   202.41    85.97  0 -4.79e-07      0.00 6.975e-01 2.916e-01 1.523e-03 1.041e-03 4.756e-03 -1.000 1.087e-02 -3.870 -2.525 -0.722 -3.710 1.044 -0.765 -5.693 -6.581 -6.900
0.01068 5.00e+09 1.2240154743    0.731  3.560  3.5182 -0.233    8  0.558  0.427   284.56   114.71  0 -7.91e-07      0.00 6.975e-01 2.916e-01 1.523e-03 1.041e-03 4.756e-03 -1.000 1.087e-02 -4.129 -2.484 -0.270 -3.735 1.318 -0.290 -5.998 -6.896 -7.239
0.01068 5.00e+09 1.2240157127    0.722  3.623  3.5120 -0.327    8  0.558  0.427   348.74   135.74  0  -1.1e-06      0.00 6.975e-01 2.916e-01 1.523e-03 1.041e-03 4.756e-03 -1.000 1.087e-02 -4.289 -2.476 -0.035 -3.757 1.457 -0.039 -6.180 -7.081 -7.437
0.01068 5.00e+09 1.2240160704    0.712  3.652  3.5113 -0.364    8  0.558  0.427   378.86   144.51  0 -1.32e-06      0.00 6.975e-01 2.916e-01 1.523e-03 1.041e-03 4.756e-03 -1.000 1.087e-02 -4.360 -2.523 -0.045 -3.808 1.443 -0.046 -6.255 -7.156 -7.514
0.01068 5.00e+09 1.2240163088    0.701  3.659  3.5140 -0.368    8  0.559  0.427   382.95   144.28  0 -1.45e-06      0.00 6.975e-01 2.916e-01 1.523e-03 1.041e-03 4.756e-03 -1.000 1.087e-02 -4.379 -2.616 -0.221 -3.892 1.324 -0.232 -6.266 -7.163 -7.518
0.01068 5.00e+09 1.2240166664    0.689  3.659  3.5182 -0.358    8  0.559  0.427   376.15   140.19  0 -1.54e-06      0.00 6.975e-01 2.916e-01 1.523e-03 1.041e-03 4.756e-03 -1.000 1.087e-02 -4.377 -2.724 -0.471 -3.980 1.160 -0.490 -6.251 -7.142 -7.490
0.01068 5.00e+09 1.2240166664    0.688  3.546  3.5347 -0.180    8  0.559  0.427   256.16   100.47  0  -9.3e-07      0.00 6.975e-01 2.916e-01 1.523e-03 1.041e-03 4.756e-03 -1.000 1.087e-02 -4.095 -2.831 -1.113 -3.997 0.761 -1.155 -5.912 -6.785 -7.102
0.01068 5.00e+09 1.2240167856    0.685  3.389  3.5581  0.069    8  0.559  0.427   150.04    63.05  0 -4.77e-07      0.00 6.975e-01 2.916e-01 1.523e-03 1.041e-03 4.756e-03 -1.000 1.087e-02 -3.703 -2.840 -1.635 -3.871 0.401 -1.683 -5.448 -6.278 -6.556
0.01068 5.00e+09 1.2240169048    0.680  3.206  3.5862  0.361    8  0.559  0.427    79.97    36.37  1 -2.33e-07      0.00 6.975e-01 2.916e-01 1.523e-03 1.041e-03 4.756e-03 -1.000 1.087e-02 -3.244 -2.685 -1.766 -3.596 0.167 -1.838 -4.926 -5.680 -5.912
0.01068 5.00e+09 1.2240171432    0.672  3.217  3.5872  0.349    8  0.559  0.427    82.37    36.95  0 -2.54e-07      0.00 6.975e-01 2.916e-01 1.523e-03 1.041e-03 4.756e-03 -1.000 1.087e-02 -3.273 -2.722 -1.807 -3.631 0.126 -1.880 -4.955 -5.704 -5.935
0.01068 5.00e+09 1.2240175009    0.663  3.311  3.5774  0.210    8  0.559  0.427   111.64    47.42  0 -3.89e-07      0.00 6.975e-01 2.916e-01 1.523e-03 1.041e-03 4.756e-03 -1.000 1.087e-02 -3.506 -2.862 -1.866 -3.809 0.144 -1.927 -5.210 -5.985 -6.233
0.01068 5.00e+09 1.2240177393    0.651  3.433  3.5641  0.027    8  0.559  0.427   166.85    65.89  0 -6.96e-07      0.00 6.975e-01 2.916e-01 1.523e-03 1.041e-03 4.756e-03 -1.000 1.087e-02 -3.813 -3.022 -1.884 -4.027 0.190 -1.934 -5.547 -6.356 -6.627
0.01068 5.00e+09 1.2240182161    0.637  3.533  3.5549 -0.119    8  0.560  0.427   231.22    85.16  0 -1.17e-06      0.00 6.975e-01 2.916e-01 1.523e-03 1.041e-03 4.756e-03 -1.000 1.087e-02 -4.063 -3.152 -1.878 -4.206 0.224 -1.919 -5.825 -6.652 -6.941
0.01068 5.00e+09 1.2240186930    0.622  3.593  3.5522 -0.201    8  0.560  0.427   279.96    96.93  0 -1.67e-06      0.00 6.975e-01 2.916e-01 1.523e-03 1.041e-03 4.756e-03 -1.000 1.087e-02 -4.213 -3.257 -1.920 -4.329 0.191 -1.959 -5.987 -6.815 -7.110
0.01068 5.00e+09 1.2240192890    0.605  3.618  3.5554 -0.225    8  0.560  0.427   302.64    98.24  0 -2.07e-06      0.00 6.975e-01 2.916e-01 1.523e-03 1.041e-03 4.756e-03 -1.000 1.087e-02 -4.275 -3.369 -2.089 -4.425 0.066 -2.127 -6.043 -6.860 -7.152
0.01068 5.00e+09 1.2240198851    0.586  3.622  3.5625 -0.214    8  0.561  0.427   310.62    91.48  0 -2.36e-06      0.00 6.975e-01 2.916e-01 1.523e-03 1.041e-03 4.756e-03 -1.000 1.087e-02 -4.284 -3.466 -2.275 -4.490 -0.097 -2.316 -6.038 -6.833 -7.115
0.01068 5.00e+09 1.2240206003    0.566  3.617  3.5716 -0.187    8  0.561  0.427   345.99    75.81  0 -2.62e-06      0.00 6.975e-01 2.916e-01 1.523e-03 1.041e-03 4.756e-03 -1.000 1.087e-02 -4.272 -3.560 -2.476 -4.544 -0.288 -2.522 -6.007 -6.775 -7.044
0.01068 5.00e+09 1.2240217924    0.566 -9.999  4.0800  1.945    9  0.566  0.000     0.00     0.00 -1         0      0.00 6.975e-01 2.916e-01 1.523e-03 1.041e-03 4.756e-03 -1.000 1.087e-02 29.767 30.388 30.328 30.454 30.261 30.427 30.579 30.633 30.657
#isochrone terminated
