# File generated by CMD 3.0 (http://stev.oapd.inaf.it/cmd) on Wed Jun 27 01:24:46 CEST 2018
# isochrones PARSEC release v1.2S + COLIBRI release PR16, as in Marigo et al. 2017
# Basic reference: Marigo et al. (2017), ApJ, 835, 77
# Photometric system: Gaia DR2 + Tycho2 + 2MASS (all Vegamags)
# O-rich circumstellar dust ignored
# C-rich circumstellar dust ignored
# Kind of output: isochrone tables
# Zini Age Mini  Mass   logL    logTe  logg  label   McoreTP C_O  period0 period1 pmode  Mloss  tau1m   X   Y   Xc  Xn  Xo  Cexcess  Z 	 mbolmag  Gmag    G_BPmag  G_RPmag  B_Tmag  V_Tmag  Jmag    Hmag    Ksmag
0.00072 5.00e+09 0.0900000036    0.090 -3.203  3.4644  5.405    1  0.000  0.545     0.00     0.00 -1  5.22e-17      0.00 7.487e-01 2.505e-01 1.373e-04 3.703e-05 3.359e-04 -1.000 7.634e-04 12.777 13.715 15.653 12.507 18.738 15.649 10.774 10.381 10.366
0.00072 5.00e+09 0.0904760957    0.091 -3.189  3.4663  5.401    1  0.000  0.545     0.00     0.00 -1  5.39e-17      0.00 7.487e-01 2.506e-01 1.373e-04 3.703e-05 3.359e-04 -1.000 7.634e-04 12.743 13.673 15.581 12.470 18.638 15.573 10.747 10.346 10.325
0.00072 5.00e+09 0.0992695317    0.099 -2.951  3.5004  5.339    1  0.000  0.545     0.00     0.00 -1  9.58e-17      0.00 7.481e-01 2.511e-01 1.373e-04 3.703e-05 3.359e-04 -1.000 7.633e-04 12.146 12.917 14.366 11.815 16.948 14.328 10.268 9.760 9.644
0.00072 5.00e+09 0.1000000015    0.100 -2.932  3.5031  5.334    1  0.000  0.545     0.00     0.00 -1     1e-16      0.00 7.481e-01 2.512e-01 1.373e-04 3.703e-05 3.359e-04 -1.000 7.634e-04 12.099 12.856 14.277 11.762 16.823 14.239 10.229 9.716 9.594
0.00072 5.00e+09 0.1199999973    0.120 -2.647  3.5352  5.257    1  0.000  0.545     0.00     0.00 -1  1.93e-16      0.00 7.471e-01 2.522e-01 1.373e-04 3.703e-05 3.359e-04 -1.000 7.633e-04 11.388 11.980 13.111 10.980 15.232 13.073 9.614 9.058 8.887
0.00072 5.00e+09 0.1400000006    0.140 -2.467  3.5510  5.207    1  0.000  0.545     0.00     0.00 -1  2.86e-16      0.00 7.463e-01 2.529e-01 1.373e-04 3.703e-05 3.359e-04 -1.000 7.633e-04 10.938 11.452 12.478 10.494 14.402 12.442 9.209 8.648 8.461
0.00072 5.00e+09 0.1599999964    0.160 -2.331  3.5613  5.170    1  0.000  0.545     0.00     0.00 -1  3.82e-16      0.00 7.456e-01 2.536e-01 1.373e-04 3.703e-05 3.359e-04 -1.000 7.633e-04 10.597 11.063 12.032 10.130 13.837 11.995 8.896 8.336 8.142
0.00072 5.00e+09 0.2000000179    0.200 -2.119  3.5752  5.111    1  0.000  0.545     0.00     0.00 -1  5.94e-16      0.00 7.447e-01 2.546e-01 1.373e-04 3.703e-05 3.359e-04 -1.000 7.634e-04 10.068 10.476 11.380 9.571 13.037 11.343 8.394 7.836 7.641
0.00072 5.00e+09 0.2500000000    0.250 -1.917  3.5865  5.051    1  0.000  0.545     0.00     0.00 -1  9.05e-16      0.00 7.442e-01 2.551e-01 1.372e-04 3.703e-05 3.359e-04 -1.000 7.633e-04 9.563 9.916 10.772 9.035 12.301 10.735 7.899 7.342 7.158
0.00072 5.00e+09 0.3000000417    0.300 -1.756  3.5950  5.004    1  0.000  0.545     0.00     0.00 -1  1.27e-15      0.00 7.440e-01 2.552e-01 1.372e-04 3.703e-05 3.359e-04 -1.000 7.634e-04 9.161 9.454 10.250 8.604 11.639 10.209 7.518 6.960 6.788
0.00072 5.00e+09 0.3016337752    0.302 -1.752  3.5953  5.002    1  0.000  0.545     0.00     0.00 -1  1.28e-15      0.00 7.441e-01 2.551e-01 1.372e-04 3.703e-05 3.359e-04 -1.000 7.634e-04 9.149 9.440 10.235 8.591 11.620 10.194 7.507 6.949 6.777
0.00072 5.00e+09 0.3499999940    0.350 -1.623  3.6020  4.965    1  0.000  0.545     0.00     0.00 -1  1.67e-15      0.00 7.465e-01 2.527e-01 1.372e-04 3.703e-05 3.359e-04 -1.000 7.634e-04 8.827 9.088 9.848 8.258 11.161 9.802 7.202 6.643 6.476
0.00072 5.00e+09 0.3893381357    0.389 -1.510  3.6105  4.932    1  0.000  0.545     0.00     0.00 -1  2.13e-15      0.00 7.490e-01 2.503e-01 1.372e-04 3.703e-05 3.359e-04 -1.000 7.634e-04 8.545 8.784 9.511 7.973 10.769 9.458 6.944 6.381 6.219
0.00072 5.00e+09 0.4000000060    0.400 -1.481  3.6127  4.924    1  0.000  0.545     0.00     0.00 -1  2.27e-15      0.00 7.496e-01 2.496e-01 1.373e-04 3.703e-05 3.359e-04 -1.000 7.634e-04 8.473 8.706 9.426 7.901 10.670 9.371 6.879 6.315 6.154
0.00072 5.00e+09 0.4147657454    0.415 -1.430  3.6177  4.908    1  0.000  0.545     0.00     0.00 -1  2.55e-15      0.00 7.496e-01 2.496e-01 1.373e-04 3.703e-05 3.359e-04 -1.000 7.634e-04 8.344 8.565 9.265 7.771 10.480 9.207 6.764 6.199 6.042
0.00072 5.00e+09 0.4500000179    0.450 -1.314  3.6292  4.873    1  0.000  0.545     0.00     0.00 -1  3.33e-15      0.00 7.496e-01 2.496e-01 1.373e-04 3.703e-05 3.359e-04 -1.000 7.633e-04 8.054 8.245 8.903 7.478 10.051 8.836 6.506 5.939 5.792
0.00072 5.00e+09 0.5000000000    0.500 -1.126  3.6540  4.832    1  0.000  0.545     0.00     0.00 -1   5.1e-15      0.00 7.496e-01 2.496e-01 1.373e-04 3.703e-05 3.359e-04 -1.000 7.633e-04 7.586 7.703 8.273 6.998 9.291 8.191 6.105 5.555 5.436
0.00072 5.00e+09 0.5500000715    0.550 -0.933  3.6808  4.787    1  0.000  0.545     0.00     0.00 -1  7.99e-15      0.00 7.643e-01 2.350e-01 1.297e-04 3.500e-05 3.175e-04 -1.000 7.082e-04 7.103 7.148 7.635 6.507 8.519 7.547 5.705 5.209 5.111
0.00072 5.00e+09 0.6000000238    0.600 -0.752  3.7054  4.742    1  0.000  0.544     0.00     0.00 -1  1.22e-14      0.00 7.686e-01 2.307e-01 1.276e-04 3.446e-05 3.126e-04 -1.000 7.082e-04 6.651 6.648 7.070 6.060 7.832 6.987 5.342 4.904 4.822
0.00072 5.00e+09 0.6026681662    0.603 -0.743  3.7069  4.740    1  0.000  0.544     0.00     0.00 -1  1.25e-14      0.00 7.689e-01 2.304e-01 1.275e-04 3.442e-05 3.123e-04 -1.000 7.132e-04 6.626 6.621 7.040 6.036 7.794 6.957 5.323 4.888 4.807
0.00072 5.00e+09 0.6354392171    0.635 -0.625  3.7245  4.716    1  0.000  0.544     0.00     0.00 -1  1.64e-14      0.00 7.723e-01 2.271e-01 1.259e-04 3.399e-05 3.084e-04 -1.000 6.817e-04 6.332 6.305 6.681 5.757 7.349 6.608 5.100 4.704 4.634
0.00072 5.00e+09 0.6499999762    0.650 -0.574  3.7323  4.706    1  0.000  0.544     0.00     0.00 -1  1.84e-14      0.00 7.739e-01 2.254e-01 1.252e-04 3.379e-05 3.066e-04 -1.000 6.677e-04 6.205 6.172 6.530 5.640 7.159 6.463 5.006 4.624 4.560
0.00072 5.00e+09 0.6516965032    0.652 -0.568  3.7331  4.705    1  0.000  0.544     0.00     0.00 -1  1.87e-14      0.00 7.741e-01 2.252e-01 1.251e-04 3.376e-05 3.063e-04 -1.000 6.649e-04 6.190 6.156 6.513 5.626 7.138 6.446 4.995 4.615 4.551
0.00072 5.00e+09 0.6757441163    0.676 -0.484  3.7452  4.685    1  0.000  0.544     0.00     0.00 -1  2.28e-14      0.00 7.773e-01 2.220e-01 1.235e-04 3.336e-05 3.028e-04 -1.000 6.903e-04 5.981 5.942 6.272 5.438 6.839 6.215 4.841 4.483 4.426
0.00072 5.00e+09 0.6978027821    0.698 -0.409  3.7560  4.667    1  0.000  0.544     0.00     0.00 -1  2.72e-14      0.00 7.806e-01 2.187e-01 1.220e-04 3.296e-05 2.992e-04 -1.000 7.155e-04 5.792 5.753 6.059 5.270 6.579 6.011 4.703 4.363 4.313
0.00072 5.00e+09 0.6999999881    0.700 -0.401  3.7570  4.665    1  0.000  0.544     0.00     0.00 -1  2.77e-14      0.00 7.809e-01 2.184e-01 1.219e-04 3.292e-05 2.988e-04 -1.000 7.168e-04 5.774 5.734 6.039 5.254 6.554 5.992 4.689 4.351 4.302
0.00072 5.00e+09 0.7133253813    0.713 -0.357  3.7631  4.653    1  0.000  0.542     0.00     0.00 -1  3.08e-14      0.00 7.835e-01 2.158e-01 1.203e-04 3.259e-05 2.960e-04 -1.000 7.003e-04 5.661 5.623 5.914 5.155 6.403 5.872 4.607 4.279 4.233
0.00072 5.00e+09 0.7350716591    0.735 -0.284  3.7728  4.632    1  0.000  0.538     0.00     0.00 -1  3.68e-14      0.00 7.880e-01 2.113e-01 1.175e-04 3.202e-05 2.911e-04 -1.000 6.510e-04 5.480 5.443 5.715 4.995 6.166 5.680 4.472 4.160 4.120
0.00072 5.00e+09 0.7500000000    0.750 -0.234  3.7792  4.616    1  0.000  0.536     0.00     0.00 -1  4.16e-14      0.00 7.915e-01 2.079e-01 1.155e-04 3.159e-05 2.873e-04 -1.000 6.325e-04 5.356 5.320 5.580 4.886 6.008 5.549 4.379 4.078 4.042
0.00072 5.00e+09 0.7672114968    0.767 -0.177  3.7853  4.593    1  0.000  0.535     0.00     0.00 -1  4.81e-14      0.00 7.974e-01 2.019e-01 1.128e-04 3.086e-05 2.808e-04 -1.000 6.438e-04 5.213 5.180 5.429 4.757 5.837 5.401 4.267 3.977 3.943
0.00072 5.00e+09 0.7879151702    0.788 -0.108  3.7924  4.565    1  0.000  0.535     0.00     0.00 -1  5.74e-14      0.00 8.050e-01 1.944e-01 1.093e-04 2.993e-05 2.725e-04 -1.000 6.357e-04 5.041 5.010 5.247 4.602 5.632 5.224 4.130 3.853 3.823
0.00072 5.00e+09 0.8000000119    0.800 -0.068  3.7965  4.547    1  0.000  0.534     0.00     0.00 -1  6.38e-14      0.00 8.096e-01 1.898e-01 1.072e-04 2.936e-05 2.674e-04 -1.000 6.130e-04 4.941 4.911 5.141 4.512 5.515 5.120 4.050 3.780 3.752
0.00072 5.00e+09 0.8011873960    0.801 -0.064  3.7969  4.545    1  0.000  0.534     0.00     0.00 -1  6.44e-14      0.00 8.097e-01 1.897e-01 1.072e-04 2.935e-05 2.673e-04 -1.000 6.111e-04 4.931 4.902 5.131 4.503 5.503 5.110 4.042 3.773 3.745
0.00072 5.00e+09 0.8247572184    0.824  0.014  3.8047  4.511    1  0.000  0.534     0.00     0.00 -1  7.92e-14      0.00 8.119e-01 1.875e-01 1.067e-04 2.926e-05 2.667e-04 -1.000 6.140e-04 4.734 4.707 4.924 4.325 5.274 4.906 3.885 3.631 3.606
0.00072 5.00e+09 0.8458977342    0.845  0.085  3.8116  4.478    1  0.000  0.533     0.00     0.00 -1  9.56e-14      0.00 8.131e-01 1.863e-01 1.069e-04 2.933e-05 2.674e-04 -1.000 6.074e-04 4.556 4.531 4.737 4.163 5.069 4.721 3.741 3.501 3.478
0.00072 5.00e+09 0.8500000238    0.849  0.099  3.8129  4.471    1  0.000  0.533     0.00     0.00 -1  9.92e-14      0.00 8.133e-01 1.861e-01 1.070e-04 2.935e-05 2.677e-04 -1.000 6.108e-04 4.522 4.496 4.701 4.131 5.029 4.685 3.713 3.476 3.453
0.00072 5.00e+09 0.8503590822    0.850  0.100  3.8130  4.471    1  0.000  0.533     0.00     0.00 -1  9.95e-14      0.00 8.133e-01 1.861e-01 1.070e-04 2.935e-05 2.677e-04 -1.000 6.107e-04 4.519 4.493 4.697 4.128 5.026 4.682 3.711 3.473 3.451
0.00072 5.00e+09 0.8698524833    0.869  0.167  3.8194  4.440    1  0.000  0.533     0.00     0.00 -1  1.19e-13      0.00 8.135e-01 1.859e-01 1.072e-04 2.943e-05 2.684e-04 -1.000 6.107e-04 4.353 4.328 4.522 3.976 4.835 4.508 3.576 3.353 3.332
0.00072 5.00e+09 0.8875696063    0.887  0.229  3.8252  4.410    1  0.000  0.532     0.00     0.00 -1  1.41e-13      0.00 8.134e-01 1.860e-01 1.075e-04 2.951e-05 2.692e-04 -1.000 6.064e-04 4.198 4.173 4.359 3.834 4.657 4.346 3.449 3.238 3.218
0.00072 5.00e+09 0.8999999762    0.899  0.274  3.8292  4.387    1  0.000  0.532     0.00     0.00 -1  1.59e-13      0.00 8.132e-01 1.862e-01 1.078e-04 2.959e-05 2.700e-04 -1.000 6.107e-04 4.085 4.060 4.240 3.730 4.528 4.228 3.356 3.154 3.135
0.00072 5.00e+09 0.9027996659    0.902  0.284  3.8302  4.382    1  0.000  0.532     0.00     0.00 -1  1.63e-13      0.00 8.132e-01 1.862e-01 1.077e-04 2.959e-05 2.700e-04 -1.000 6.106e-04 4.060 4.035 4.213 3.706 4.499 4.202 3.336 3.136 3.117
0.00072 5.00e+09 0.9166896343    0.916  0.336  3.8352  4.357    1  0.000  0.532     0.00     0.00 -1  1.88e-13      0.00 8.130e-01 1.864e-01 1.078e-04 2.960e-05 2.701e-04 -1.000 6.106e-04 3.930 3.905 4.076 3.587 4.349 4.065 3.230 3.042 3.023
0.00072 5.00e+09 0.9295437932    0.929  0.386  3.8399  4.331    1  0.000  0.532     0.00     0.00 -1  2.16e-13      0.00 8.128e-01 1.866e-01 1.079e-04 2.963e-05 2.703e-04 -1.000 6.106e-04 3.805 3.779 3.944 3.473 4.207 3.934 3.129 2.951 2.933
0.00072 5.00e+09 0.9408265948    0.940  0.431  3.8440  4.308    1  0.000  0.532     0.00     0.00 -1  2.44e-13      0.00 8.125e-01 1.869e-01 1.080e-04 2.966e-05 2.706e-04 -1.000 6.106e-04 3.692 3.666 3.825 3.369 4.078 3.815 3.036 2.868 2.850
0.00072 5.00e+09 0.9499999881    0.949  0.469  3.8473  4.288    1  0.000  0.532     0.00     0.00 -1  2.71e-13      0.00 8.123e-01 1.871e-01 1.081e-04 2.969e-05 2.709e-04 -1.000 6.107e-04 3.598 3.571 3.725 3.282 3.971 3.716 2.959 2.797 2.780
0.00072 5.00e+09 0.9524376392    0.951  0.479  3.8483  4.283    1  0.000  0.532     0.00     0.00 -1  2.79e-13      0.00 8.123e-01 1.871e-01 1.081e-04 2.969e-05 2.709e-04 -1.000 6.117e-04 3.573 3.546 3.699 3.260 3.943 3.690 2.939 2.780 2.763
0.00072 5.00e+09 0.9637189507    0.963  0.525  3.8528  4.259    1  0.000  0.532     0.00     0.00 -1  3.17e-13      0.00 8.123e-01 1.871e-01 1.081e-04 2.969e-05 2.708e-04 -1.000 6.107e-04 3.456 3.429 3.575 3.153 3.809 3.567 2.845 2.696 2.678
0.00072 5.00e+09 0.9739261866    0.973  0.569  3.8566  4.235    1  0.000  0.532     0.00     0.00 -1  3.59e-13      0.00 8.122e-01 1.872e-01 1.082e-04 2.970e-05 2.709e-04 -1.000 6.107e-04 3.347 3.318 3.459 3.051 3.684 3.451 2.754 2.614 2.596
0.00072 5.00e+09 0.9862373471    0.985  0.627  3.8607  4.199    1  0.000  0.532     0.00     0.00 -1  4.24e-13      0.00 8.109e-01 1.885e-01 1.088e-04 2.986e-05 2.724e-04 -1.000 6.107e-04 3.202 3.172 3.307 2.916 3.522 3.300 2.631 2.500 2.483
0.00072 5.00e+09 0.9949264526    0.994  0.671  3.8634  4.170    1  0.000  0.533     0.00     0.00 -1  4.82e-13      0.00 8.094e-01 1.900e-01 1.094e-04 3.004e-05 2.740e-04 -1.000 6.107e-04 3.094 3.062 3.194 2.813 3.402 3.187 2.535 2.411 2.394
0.00072 5.00e+09 1.0000000000    0.999  0.699  3.8640  4.147    1  0.000  0.533     0.00     0.00 -1  5.27e-13      0.00 8.085e-01 1.909e-01 1.098e-04 3.015e-05 2.749e-04 -1.000 6.106e-04 3.023 2.991 3.121 2.743 3.327 3.114 2.468 2.345 2.328
0.00072 5.00e+09 1.0025674105    1.002  0.713  3.8644  4.135    1  0.000  0.533     0.00     0.00 -1  5.49e-13      0.00 8.081e-01 1.913e-01 1.100e-04 3.019e-05 2.753e-04 -1.000 6.134e-04 2.987 2.954 3.083 2.708 3.288 3.076 2.434 2.312 2.295
0.00072 5.00e+09 1.0093208551    1.008  0.755  3.8637  4.093    1  0.000  0.533     0.00     0.00 -1  6.26e-13      0.00 8.071e-01 1.923e-01 1.105e-04 3.031e-05 2.764e-04 -1.000 6.208e-04 2.881 2.846 2.977 2.600 3.181 2.969 2.324 2.202 2.185
0.00072 5.00e+09 1.0138587952    1.013  0.786  3.8617  4.056    1  0.000  0.533     0.00     0.00 -1  6.97e-13      0.00 8.064e-01 1.930e-01 1.108e-04 3.039e-05 2.771e-04 -1.000 6.255e-04 2.805 2.767 2.900 2.517 3.107 2.892 2.236 2.111 2.093
0.00072 5.00e+09 1.0179544687    1.017  0.816  3.8577  4.012    2  0.000  0.533     0.00     0.00 -1  7.79e-13      0.00 8.058e-01 1.936e-01 1.110e-04 3.046e-05 2.777e-04 -1.000 6.299e-04 2.730 2.690 2.828 2.432 3.041 2.819 2.141 2.008 1.989
0.00072 5.00e+09 1.0222561359    1.021  0.849  3.8514  3.955    2  0.000  0.533     0.00     0.00 -1  8.89e-13      0.00 8.052e-01 1.942e-01 1.113e-04 3.054e-05 2.784e-04 -1.000 6.344e-04 2.647 2.604 2.750 2.333 2.974 2.739 2.025 1.880 1.860
0.00072 5.00e+09 1.0256322622    1.024  0.879  3.8431  3.894    2  0.000  0.533     0.00     0.00 -1  1.01e-12      0.00 8.047e-01 1.947e-01 1.115e-04 3.060e-05 2.789e-04 -1.000 6.379e-04 2.574 2.528 2.686 2.239 2.925 2.673 1.909 1.747 1.727
0.00072 5.00e+09 1.0282614231    1.027  0.903  3.8333  3.831    2  0.000  0.533     0.00     0.00 -1  1.15e-12      0.00 8.043e-01 1.950e-01 1.117e-04 3.064e-05 2.793e-04 -1.000 6.408e-04 2.511 2.464 2.635 2.154 2.894 2.620 1.797 1.614 1.593
0.00072 5.00e+09 1.0298271179    1.028  0.919  3.8258  3.786    2  0.000  0.533     0.00     0.00 -1  1.25e-12      0.00 8.041e-01 1.953e-01 1.118e-04 3.067e-05 2.796e-04 -1.000 6.424e-04 2.473 2.425 2.606 2.098 2.881 2.590 1.721 1.522 1.499
0.00072 5.00e+09 1.0309858322    1.030  0.931  3.8182  3.744    2  0.000  0.533     0.00     0.00 -1  1.35e-12      0.00 8.039e-01 1.954e-01 1.118e-04 3.069e-05 2.798e-04 -1.000 6.436e-04 2.443 2.394 2.587 2.052 2.878 2.568 1.653 1.438 1.414
0.00072 5.00e+09 1.0319083929    1.030  0.940  3.8115  3.709    2  0.000  0.533     0.00     0.00 -1  1.43e-12      0.00 8.031e-01 1.962e-01 1.123e-04 3.080e-05 2.808e-04 -1.000 6.526e-04 2.420 2.371 2.574 2.014 2.881 2.553 1.597 1.368 1.342
0.00072 5.00e+09 1.0329333544    1.031  0.950  3.8027  3.664    2  0.000  0.533     0.00     0.00 -1  1.54e-12      0.00 8.017e-01 1.976e-01 1.130e-04 3.101e-05 2.826e-04 -1.000 6.608e-04 2.395 2.346 2.562 1.971 2.891 2.539 1.529 1.281 1.253
0.00072 5.00e+09 1.0338729620    1.032  0.958  3.7936  3.620    2  0.000  0.533     0.00     0.00 -1  1.65e-12      0.00 7.994e-01 2.000e-01 1.143e-04 3.133e-05 2.855e-04 -1.000 6.649e-04 2.374 2.326 2.557 1.932 2.909 2.531 1.464 1.196 1.167
0.00072 5.00e+09 1.0347144604    1.033  0.964  3.7847  3.579    2  0.000  0.534     0.00     0.00 -1  1.75e-12      0.00 7.952e-01 2.041e-01 1.160e-04 3.181e-05 2.898e-04 -1.000 6.737e-04 2.360 2.313 2.560 1.901 2.937 2.530 1.408 1.121 1.088
0.00072 5.00e+09 1.0354951620    1.034  0.967  3.7761  3.541    2  0.000  0.534     0.00     0.00 -1  1.84e-12      0.00 7.908e-01 2.085e-01 1.181e-04 3.237e-05 2.948e-04 -1.000 6.734e-04 2.351 2.306 2.567 1.876 2.972 2.534 1.359 1.052 1.017
0.00072 5.00e+09 1.0362567902    1.035  0.968  3.7676  3.507    2  0.000  0.535     0.00     0.00 -1  1.92e-12      0.00 7.832e-01 2.161e-01 1.218e-04 3.333e-05 3.033e-04 -1.000 6.722e-04 2.350 2.308 2.584 1.860 3.017 2.546 1.318 0.992 0.954
0.00072 5.00e+09 1.0370217562    1.035  0.969  3.7600  3.476    2  0.000  0.536     0.00     0.00 -1  1.99e-12      0.00 7.709e-01 2.284e-01 1.265e-04 3.461e-05 3.147e-04 -1.000 7.118e-04 2.348 2.308 2.599 1.844 3.060 2.557 1.280 0.938 0.897
0.00072 5.00e+09 1.0379762650    1.036  0.978  3.7519  3.435    2  0.000  0.537     0.00     0.00 -1  2.12e-12      0.00 7.628e-01 2.364e-01 1.297e-04 3.544e-05 3.221e-04 -1.000 7.545e-04 2.324 2.287 2.594 1.806 3.086 2.547 1.218 0.859 0.815
0.00072 5.00e+09 1.0389399529    1.037  1.003  3.7456  3.385    2  0.000  0.537     0.00     0.00 -1  2.37e-12      0.00 7.589e-01 2.404e-01 1.312e-04 3.584e-05 3.257e-04 -1.000 7.544e-04 2.261 2.227 2.548 1.733 3.066 2.496 1.127 0.754 0.707
0.00072 5.00e+09 1.0392169952    1.037  1.013  3.7441  3.369    2  0.000  0.537     0.00     0.00 -1  2.48e-12      0.00 7.580e-01 2.412e-01 1.315e-04 3.593e-05 3.264e-04 -1.000 7.522e-04 2.237 2.204 2.527 1.707 3.052 2.475 1.096 0.720 0.672
0.00072 5.00e+09 1.0396566391    1.038  1.033  3.7423  3.343    3  0.000  0.537     0.00     0.00 -1  2.67e-12      0.00 7.570e-01 2.423e-01 1.318e-04 3.601e-05 3.272e-04 -1.000 7.384e-04 2.189 2.156 2.483 1.655 3.015 2.429 1.039 0.658 0.609
0.00072 5.00e+09 1.0405365229    1.039  1.076  3.7391  3.287    3  0.000  0.537     0.00     0.00 -1  3.12e-12      0.00 7.549e-01 2.444e-01 1.323e-04 3.616e-05 3.285e-04 -1.000 7.503e-04 2.079 2.049 2.383 1.541 2.927 2.326 0.915 0.527 0.477
0.00072 5.00e+09 1.0412695408    1.039  1.117  3.7368  3.237    3  0.000  0.537     0.00     0.00 -1  3.62e-12      0.00 7.530e-01 2.462e-01 1.325e-04 3.627e-05 3.293e-04 -1.000 7.627e-04 1.978 1.949 2.288 1.436 2.842 2.230 0.803 0.411 0.360
0.00072 5.00e+09 1.0420526266    1.040  1.164  3.7346  3.182    3  0.000  0.533     0.00     0.00 -1   4.3e-12      0.00 7.508e-01 2.484e-01 1.320e-04 3.666e-05 3.300e-04 -1.000 7.614e-04 1.861 1.833 2.177 1.316 2.740 2.117 0.676 0.279 0.226
0.00072 5.00e+09 1.0427092314    1.041  1.206  3.7329  3.133    3  0.000  0.526     0.00     0.00 -1  5.01e-12      0.00 7.488e-01 2.505e-01 1.302e-04 3.802e-05 3.305e-04 -1.000 7.356e-04 1.755 1.729 2.076 1.208 2.647 2.015 0.563 0.161 0.108
0.00072 5.00e+09 1.0433925390    1.041  1.253  3.7311  3.079    3  0.000  0.509     0.00     0.00 -1  5.93e-12      0.00 7.464e-01 2.528e-01 1.263e-04 4.204e-05 3.310e-04 -1.000 7.506e-04 1.637 1.612 1.964 1.088 2.542 1.901 0.437 0.031 -0.023
0.00072 5.00e+09 1.0440174341    1.042  1.299  3.7294  3.026    3  0.000  0.490     0.00     0.00 -1     7e-12      0.00 7.441e-01 2.551e-01 1.216e-04 4.766e-05 3.313e-04 -1.000 7.634e-04 1.522 1.498 1.853 0.970 2.439 1.790 0.314 -0.096 -0.150
0.00072 5.00e+09 1.0445919037    1.042  1.345  3.7278  2.974    3  0.000  0.473     0.00     0.00 -1  8.24e-12      0.00 7.419e-01 2.573e-01 1.174e-04 5.283e-05 3.316e-04 -1.000 7.633e-04 1.408 1.386 1.745 0.855 2.338 1.680 0.193 -0.221 -0.276
0.00072 5.00e+09 1.0451111794    1.043  1.389  3.7262  2.924    3  0.000  0.460     0.00     0.00 -1  9.66e-12      0.00 7.401e-01 2.591e-01 1.144e-04 5.669e-05 3.318e-04 -1.000 7.634e-04 1.298 1.277 1.639 0.742 2.239 1.573 0.076 -0.342 -0.397
0.00072 5.00e+09 1.0455940962    1.043  1.433  3.7246  2.874    3  0.000  0.451     0.00     0.00 -1  1.13e-11      0.00 7.386e-01 2.606e-01 1.122e-04 5.946e-05 3.320e-04 -1.000 7.633e-04 1.188 1.169 1.535 0.630 2.142 1.467 -0.041 -0.463 -0.519
0.00072 5.00e+09 1.0460705757    1.044  1.479  3.7228  2.820    3  0.000  0.444     0.00     0.00 -1  1.34e-11      0.00 7.372e-01 2.620e-01 1.104e-04 6.175e-05 3.321e-04 -1.000 7.633e-04 1.071 1.053 1.424 0.511 2.040 1.355 -0.165 -0.592 -0.648
0.00072 5.00e+09 1.0464947224    1.044  1.524  3.7211  2.769    3  0.000  0.438     0.00     0.00 -1  1.57e-11      0.00 7.361e-01 2.632e-01 1.091e-04 6.337e-05 3.322e-04 -1.000 7.632e-04 0.959 0.943 1.318 0.397 1.942 1.248 -0.285 -0.716 -0.773
0.00072 5.00e+09 1.0468684435    1.044  1.567  3.7194  2.719    3  0.000  0.435     0.00     0.00 -1  1.84e-11      0.00 7.353e-01 2.639e-01 1.083e-04 6.444e-05 3.323e-04 -1.000 7.634e-04 0.852 0.838 1.217 0.289 1.850 1.146 -0.399 -0.834 -0.892
0.00072 5.00e+09 1.0472193956    1.044  1.611  3.7177  2.669    3  0.000  0.432     0.00     0.00 -1  2.15e-11      0.00 7.348e-01 2.645e-01 1.077e-04 6.518e-05 3.323e-04 -1.000 7.634e-04 0.744 0.732 1.115 0.179 1.757 1.043 -0.515 -0.955 -1.013
0.00072 5.00e+09 1.0475538969    1.045  1.655  3.7158  2.617    3  0.000  0.431     0.00     0.00 -1  2.53e-11      0.00 7.344e-01 2.649e-01 1.073e-04 6.570e-05 3.323e-04 -1.000 7.633e-04 0.633 0.623 1.011 0.066 1.662 0.937 -0.634 -1.078 -1.137
0.00072 5.00e+09 1.0478541851    1.045  1.698  3.7140  2.567    3  0.000  0.430     0.00     0.00 -1  2.96e-11      0.00 7.341e-01 2.651e-01 1.071e-04 6.603e-05 3.324e-04 -1.000 7.614e-04 0.525 0.518 0.911 -0.043 1.571 0.835 -0.749 -1.198 -1.257
0.00072 5.00e+09 1.0481330156    1.045  1.741  3.7121  2.516    3  0.000  0.429     0.00     0.00 -1  3.46e-11      0.00 7.340e-01 2.653e-01 1.069e-04 6.621e-05 3.324e-04 -1.000 7.633e-04 0.418 0.413 0.810 -0.153 1.481 0.733 -0.865 -1.319 -1.379
0.00072 5.00e+09 1.0483949184    1.045  1.785  3.7102  2.465    3  0.000  0.429     0.00     0.00 -1  4.06e-11      0.00 7.339e-01 2.653e-01 1.069e-04 6.629e-05 3.324e-04 -1.000 7.633e-04 0.309 0.307 0.709 -0.264 1.391 0.630 -0.982 -1.441 -1.502
0.00072 5.00e+09 1.0486272573    1.045  1.826  3.7083  2.416    3  0.000  0.429     0.00     0.00 -1  4.73e-11      0.00 7.339e-01 2.653e-01 1.069e-04 6.632e-05 3.324e-04 -1.000 7.634e-04 0.205 0.206 0.613 -0.369 1.306 0.533 -1.094 -1.558 -1.619
0.00072 5.00e+09 1.0488480330    1.045  1.868  3.7063  2.366    3  0.000  0.429     0.00     0.00 -1  5.52e-11      0.00 7.339e-01 2.653e-01 1.068e-04 6.634e-05 3.324e-04 -1.000 7.634e-04 0.099 0.103 0.515 -0.476 1.220 0.434 -1.208 -1.677 -1.740
0.00072 5.00e+09 1.0490533113    1.045  1.911  3.7043  2.316    3  0.000  0.429     0.00     0.00 -1  6.44e-11      0.00 7.339e-01 2.653e-01 1.068e-04 6.636e-05 3.324e-04 -1.000 7.633e-04 -0.006 0.001 0.419 -0.583 1.136 0.336 -1.322 -1.795 -1.859
0.00072 5.00e+09 1.0492348671    1.045  1.950  3.7024  2.268    3  0.000  0.429     0.00     0.00 -1  7.46e-11      0.00 7.339e-01 2.653e-01 1.068e-04 6.638e-05 3.324e-04 -1.000 7.633e-04 -0.106 -0.095 0.328 -0.684 1.057 0.243 -1.429 -1.908 -1.973
0.00072 5.00e+09 1.0494102240    1.045  1.991  3.7003  2.219    3  0.000  0.429     0.00     0.00 -1  8.67e-11      0.00 7.339e-01 2.653e-01 1.068e-04 6.639e-05 3.324e-04 -1.000 7.633e-04 -0.208 -0.194 0.235 -0.787 0.977 0.149 -1.539 -2.024 -2.089
0.00072 5.00e+09 1.0495680571    1.045  2.030  3.6984  2.173    3  0.000  0.428     0.00     0.00 -1     1e-10      0.00 7.339e-01 2.654e-01 1.068e-04 6.641e-05 3.324e-04 -1.000 7.634e-04 -0.305 -0.288 0.147 -0.886 0.901 0.059 -1.645 -2.135 -2.201
0.00072 5.00e+09 1.0497195721    1.045  2.069  3.6963  2.125    3  0.000  0.428     0.00     0.00 -1  1.16e-10      0.00 7.339e-01 2.654e-01 1.068e-04 6.642e-05 3.324e-04 -1.000 7.634e-04 -0.403 -0.382 0.058 -0.985 0.826 -0.031 -1.752 -2.246 -2.314
0.00072 5.00e+09 1.0498596430    1.045  2.105  3.6945  2.082    3  0.000  0.428     0.00     0.00 -1  1.32e-10      0.00 7.339e-01 2.654e-01 1.068e-04 6.644e-05 3.324e-04 -1.000 7.633e-04 -0.493 -0.468 -0.023 -1.076 0.757 -0.113 -1.849 -2.349 -2.417
0.00072 5.00e+09 1.0499999523    1.045  2.137  3.6928  2.043    3  0.000  0.428     0.00     0.00 -1  1.49e-10      0.00 7.339e-01 2.654e-01 1.068e-04 6.645e-05 3.324e-04 -1.000 7.633e-04 -0.573 -0.544 -0.094 -1.155 0.698 -0.186 -1.935 -2.440 -2.509
0.00072 5.00e+09 1.0500203371    1.044  2.142  3.6926  2.038    3  0.000  0.428     0.00     0.00 -1  1.52e-10      0.00 7.339e-01 2.654e-01 1.068e-04 6.645e-05 3.324e-04 -1.000 7.633e-04 -0.584 -0.555 -0.104 -1.167 0.689 -0.196 -1.947 -2.453 -2.522
0.00072 5.00e+09 1.0501108170    1.044  2.154  3.6919  2.023    3  0.000  0.428     0.00     0.00 -1  1.59e-10      0.00 7.339e-01 2.654e-01 1.067e-04 6.646e-05 3.324e-04 -1.000 7.633e-04 -0.615 -0.585 -0.132 -1.198 0.666 -0.224 -1.980 -2.488 -2.557
0.00072 5.00e+09 1.0502038002    1.044  2.135  3.6932  2.046    3  0.000  0.428     0.00     0.00 -1   1.5e-10      0.00 7.339e-01 2.654e-01 1.067e-04 6.647e-05 3.324e-04 -1.000 7.634e-04 -0.568 -0.541 -0.092 -1.151 0.697 -0.183 -1.929 -2.433 -2.502
0.00072 5.00e+09 1.0502839088    1.044  2.102  3.6953  2.088    3  0.000  0.428     0.00     0.00 -1  1.33e-10      0.00 7.339e-01 2.654e-01 1.067e-04 6.647e-05 3.324e-04 -1.000 7.634e-04 -0.485 -0.463 -0.019 -1.068 0.756 -0.109 -1.839 -2.337 -2.404
0.00072 5.00e+09 1.0502955914    1.044  2.098  3.6955  2.093    3  0.000  0.428     0.00     0.00 -1   1.3e-10      0.00 7.339e-01 2.654e-01 1.067e-04 6.647e-05 3.324e-04 -1.000 7.634e-04 -0.474 -0.452 -0.010 -1.057 0.764 -0.099 -1.826 -2.323 -2.391
0.00072 5.00e+09 1.0504043102    1.044  2.134  3.6936  2.049    3  0.000  0.428     0.00     0.00 -1  1.47e-10      0.00 7.339e-01 2.654e-01 1.067e-04 6.648e-05 3.324e-04 -1.000 7.633e-04 -0.566 -0.539 -0.091 -1.148 0.695 -0.182 -1.925 -2.428 -2.496
0.00072 5.00e+09 1.0505257845    1.044  2.176  3.6913  1.998    3  0.000  0.428     0.00     0.00 -1  1.72e-10      0.00 7.339e-01 2.654e-01 1.067e-04 6.649e-05 3.324e-04 -1.000 7.634e-04 -0.669 -0.638 -0.183 -1.252 0.620 -0.275 -2.037 -2.547 -2.616
0.00072 5.00e+09 1.0506397486    1.044  2.216  3.6891  1.949    3  0.000  0.428     0.00     0.00 -1     2e-10      0.00 7.338e-01 2.654e-01 1.067e-04 6.650e-05 3.324e-04 -1.000 7.633e-04 -0.771 -0.735 -0.273 -1.354 0.546 -0.367 -2.148 -2.663 -2.733
0.00072 5.00e+09 1.0507487059    1.043  2.258  3.6867  1.897    3  0.000  0.428     0.00     0.00 -1  2.33e-10      0.00 7.338e-01 2.654e-01 1.067e-04 6.651e-05 3.324e-04 -1.000 7.634e-04 -0.874 -0.833 -0.363 -1.458 0.474 -0.460 -2.260 -2.782 -2.854
0.00072 5.00e+09 1.0508458614    1.043  2.297  3.6845  1.849    3  0.000  0.428     0.00     0.00 -1   2.7e-10      0.00 7.338e-01 2.654e-01 1.067e-04 6.652e-05 3.324e-04 -1.000 7.634e-04 -0.972 -0.926 -0.449 -1.557 0.406 -0.547 -2.367 -2.895 -2.967
0.00072 5.00e+09 1.0509406328    1.043  2.338  3.6820  1.799    3  0.000  0.428     0.00     0.00 -1  3.14e-10      0.00 7.338e-01 2.654e-01 1.067e-04 6.653e-05 3.324e-04 -1.000 7.634e-04 -1.074 -1.022 -0.538 -1.659 0.336 -0.638 -2.478 -3.013 -3.087
0.00072 5.00e+09 1.0510263443    1.042  2.377  3.6798  1.750    3  0.000  0.428     0.00     0.00 -1  3.64e-10      0.00 7.338e-01 2.654e-01 1.067e-04 6.654e-05 3.324e-04 -1.000 7.634e-04 -1.173 -1.114 -0.622 -1.757 0.270 -0.724 -2.585 -3.126 -3.201
0.00072 5.00e+09 1.0511072874    1.042  2.417  3.6773  1.700    3  0.000  0.428     0.00     0.00 -1  4.23e-10      0.00 7.338e-01 2.654e-01 1.067e-04 6.654e-05 3.324e-04 -1.000 7.634e-04 -1.272 -1.206 -0.706 -1.855 0.206 -0.809 -2.693 -3.242 -3.318
0.00072 5.00e+09 1.0511813164    1.041  2.456  3.6750  1.652    3  0.000  0.428     0.00     0.00 -1  4.89e-10      0.00 7.338e-01 2.654e-01 1.067e-04 6.655e-05 3.324e-04 -1.000 7.633e-04 -1.369 -1.296 -0.789 -1.951 0.142 -0.893 -2.798 -3.354 -3.431
0.00072 5.00e+09 1.0512517691    1.041  2.495  3.6724  1.602    3  0.000  0.428     0.00     0.00 -1  5.68e-10      0.00 7.338e-01 2.654e-01 1.067e-04 6.656e-05 3.324e-04 -1.000 7.633e-04 -1.468 -1.388 -0.872 -2.049 0.081 -0.977 -2.906 -3.469 -3.548
0.00072 5.00e+09 1.0513150692    1.040  2.533  3.6700  1.555    3  0.000  0.428     0.00     0.00 -1  6.55e-10      0.00 7.338e-01 2.654e-01 1.067e-04 6.656e-05 3.324e-04 -1.000 7.634e-04 -1.562 -1.475 -0.951 -2.143 0.022 -1.058 -3.009 -3.579 -3.659
0.00072 5.00e+09 1.0513756275    1.040  2.571  3.6675  1.505    3  0.000  0.428     0.00     0.00 -1  7.59e-10      0.00 7.338e-01 2.654e-01 1.067e-04 6.657e-05 3.324e-04 -1.000 7.634e-04 -1.659 -1.564 -1.031 -2.239 -0.035 -1.140 -3.115 -3.692 -3.774
0.00072 5.00e+09 1.0514304638    1.039  2.609  3.6651  1.458    3  0.000  0.428     0.00     0.00 -1  8.74e-10      0.00 7.338e-01 2.654e-01 1.067e-04 6.657e-05 3.324e-04 -1.000 7.633e-04 -1.752 -1.648 -1.106 -2.330 -0.087 -1.216 -3.216 -3.801 -3.884
0.00072 5.00e+09 1.0514825583    1.038  2.646  3.6626  1.410    3  0.000  0.428     0.00     0.00 -1  1.01e-09      0.00 7.338e-01 2.654e-01 1.067e-04 6.658e-05 3.324e-04 -1.000 7.634e-04 -1.846 -1.734 -1.182 -2.422 -0.136 -1.292 -3.319 -3.911 -3.996
0.00072 5.00e+09 1.0515311956    1.038  2.684  3.6600  1.362    3  0.000  0.428     0.00     0.00 -1  1.16e-09      0.00 7.338e-01 2.654e-01 1.067e-04 6.658e-05 3.324e-04 -1.000 7.633e-04 -1.939 -1.818 -1.256 -2.514 -0.183 -1.367 -3.422 -4.021 -4.107
0.00072 5.00e+09 1.0515761375    1.037  2.721  3.6575  1.315    3  0.000  0.428     0.00     0.00 -1  1.34e-09      0.00 7.338e-01 2.654e-01 1.067e-04 6.658e-05 3.324e-04 -1.000 7.633e-04 -2.031 -1.901 -1.329 -2.604 -0.229 -1.441 -3.523 -4.129 -4.217
0.00072 5.00e+09 1.0516184568    1.036  2.758  3.6549  1.267    3  0.000  0.428     0.00     0.00 -1  1.54e-09      0.00 7.338e-01 2.654e-01 1.067e-04 6.659e-05 3.324e-04 -1.000 7.633e-04 -2.124 -1.984 -1.401 -2.695 -0.272 -1.515 -3.624 -4.239 -4.328
0.00072 5.00e+09 1.0516666174    1.035  2.802  3.6518  1.210    3  0.000  0.428     0.00     0.00 -1  1.83e-09      0.00 7.338e-01 2.654e-01 1.066e-04 6.659e-05 3.324e-04 -1.000 7.634e-04 -2.236 -2.082 -1.486 -2.802 -0.322 -1.600 -3.746 -4.370 -4.461
0.00072 5.00e+09 1.0517032146    1.033  2.839  3.6491  1.162    3  0.000  0.428     0.00     0.00 -1  2.11e-09      0.00 7.338e-01 2.654e-01 1.066e-04 6.659e-05 3.324e-04 -1.000 7.634e-04 -2.327 -2.160 -1.553 -2.889 -0.359 -1.667 -3.845 -4.478 -4.571
0.00072 5.00e+09 1.0517446995    1.032  2.883  3.6459  1.105    3  0.000  0.428     0.00     0.00 -1   2.5e-09      0.00 7.338e-01 2.654e-01 1.066e-04 6.660e-05 3.324e-04 -1.000 7.634e-04 -2.437 -2.255 -1.634 -2.993 -0.401 -1.748 -3.965 -4.608 -4.703
0.00072 5.00e+09 1.0517828465    1.030  2.926  3.6428  1.048    3  0.000  0.428     0.00     0.00 -1  2.96e-09      0.00 7.338e-01 2.654e-01 1.066e-04 6.660e-05 3.324e-04 -1.000 7.633e-04 -2.545 -2.348 -1.712 -3.096 -0.441 -1.827 -4.083 -4.736 -4.834
0.00072 5.00e+09 1.0518187284    1.029  2.970  3.6395  0.991    3  0.000  0.428     0.00     0.00 -1   3.5e-09      0.00 7.338e-01 2.654e-01 1.066e-04 6.660e-05 3.324e-04 -1.000 7.634e-04 -2.654 -2.441 -1.790 -3.198 -0.477 -1.904 -4.201 -4.865 -4.966
0.00072 5.00e+09 1.0518521070    1.027  3.013  3.6363  0.933    3  0.000  0.428     0.00     0.00 -1  4.15e-09      0.00 7.338e-01 2.654e-01 1.066e-04 6.661e-05 3.324e-04 -1.000 7.633e-04 -2.763 -2.531 -1.863 -3.300 -0.502 -1.975 -4.320 -4.994 -5.098
0.00072 5.00e+09 1.0518819094    1.024  3.055  3.6331  0.878    3  0.000  0.428     0.00     0.00 -1  4.89e-09      0.00 7.338e-01 2.654e-01 1.066e-04 6.661e-05 3.324e-04 -1.000 7.634e-04 -2.867 -2.616 -1.930 -3.396 -0.522 -2.041 -4.433 -5.117 -5.224
0.00072 5.00e+09 1.0519100428    1.022  3.096  3.6299  0.823    3  0.000  0.428     0.00     0.00 -1  5.76e-09      0.00 7.338e-01 2.654e-01 1.066e-04 6.661e-05 3.324e-04 -1.000 7.634e-04 -2.971 -2.701 -1.997 -3.492 -0.540 -2.107 -4.547 -5.240 -5.350
0.00072 5.00e+09 1.0519367456    1.020  3.138  3.6267  0.767    3  0.000  0.428     0.00     0.00 -1   6.8e-09      0.00 7.338e-01 2.654e-01 1.066e-04 6.661e-05 3.324e-04 -1.000 7.633e-04 -3.075 -2.787 -2.064 -3.589 -0.554 -2.171 -4.661 -5.365 -5.478
0.00072 5.00e+09 1.0519614220    1.017  3.179  3.6234  0.712    3  0.000  0.428     0.00     0.00 -1  8.01e-09      0.00 7.338e-01 2.654e-01 1.066e-04 6.662e-05 3.324e-04 -1.000 7.634e-04 -3.178 -2.868 -2.126 -3.681 -0.566 -2.231 -4.772 -5.486 -5.603
0.00072 5.00e+09 1.0519841909    1.013  3.220  3.6203  0.657    3  0.000  0.428     0.00     0.00 -1  9.42e-09      0.00 7.338e-01 2.654e-01 1.066e-04 6.662e-05 3.324e-04 -1.000 7.634e-04 -3.279 -2.947 -2.186 -3.772 -0.576 -2.288 -4.881 -5.606 -5.726
0.00072 5.00e+09 1.0520061255    1.010  3.260  3.6172  0.603    3  0.000  0.428     0.00     0.00 -1  1.11e-08      0.00 7.338e-01 2.654e-01 1.066e-04 6.662e-05 3.324e-04 -1.000 7.634e-04 -3.379 -3.025 -2.245 -3.861 -0.584 -2.344 -4.988 -5.724 -5.848
0.00072 5.00e+09 1.0520273447    1.006  3.298  3.6142  0.552    3  0.000  0.428     0.00     0.00 -1   1.3e-08      0.00 7.338e-01 2.654e-01 1.066e-04 6.662e-05 3.324e-04 -1.000 7.634e-04 -3.474 -3.099 -2.300 -3.946 -0.589 -2.396 -5.091 -5.837 -5.965
0.00072 5.00e+09 1.0520273447    1.006  1.842  3.7349  2.490    4  0.000  0.442     0.00     0.00 -1         0      0.00 7.307e-01 2.685e-01 1.115e-04 6.309e-05 3.363e-04 -1.000 7.634e-04 0.164 0.127 0.471 -0.386 1.016 0.410 -1.024 -1.419 -1.469
0.00072 5.00e+09 1.0521851778    1.006  1.855  3.7336  2.472    4  0.000  0.442     0.00     0.00 -1         0      0.00 7.307e-01 2.685e-01 1.115e-04 6.311e-05 3.363e-04 -1.000 7.634e-04 0.132 0.096 0.442 -0.421 0.994 0.380 -1.063 -1.461 -1.511
0.00072 5.00e+09 1.0523433685    1.006  1.860  3.7332  2.466    4  0.000  0.442     0.00     0.00 -1         0      0.00 7.307e-01 2.685e-01 1.115e-04 6.313e-05 3.363e-04 -1.000 7.634e-04 0.121 0.085 0.432 -0.432 0.986 0.370 -1.076 -1.475 -1.525
0.00072 5.00e+09 1.0525037050    1.006  1.863  3.7331  2.462    4  0.000  0.442     0.00     0.00 -1         0      0.00 7.307e-01 2.685e-01 1.114e-04 6.315e-05 3.363e-04 -1.000 7.634e-04 0.113 0.077 0.424 -0.440 0.979 0.362 -1.084 -1.483 -1.534
0.00072 5.00e+09 1.0526483059    1.007  1.865  3.7333  2.461    4  0.000  0.442     0.00     0.00 -1         0      0.00 7.307e-01 2.685e-01 1.114e-04 6.316e-05 3.363e-04 -1.000 7.634e-04 0.107 0.071 0.419 -0.445 0.972 0.356 -1.089 -1.487 -1.538
0.00072 5.00e+09 1.0527944565    1.007  1.867  3.7336  2.461    4  0.000  0.442     0.00     0.00 -1         0      0.00 7.307e-01 2.685e-01 1.114e-04 6.318e-05 3.363e-04 -1.000 7.634e-04 0.103 0.067 0.413 -0.449 0.965 0.351 -1.091 -1.489 -1.540
0.00072 5.00e+09 1.0529569387    1.007  1.868  3.7340  2.461    4  0.000  0.442     0.00     0.00 -1         0      0.00 7.307e-01 2.686e-01 1.114e-04 6.320e-05 3.363e-04 -1.000 7.634e-04 0.100 0.063 0.408 -0.452 0.958 0.347 -1.093 -1.490 -1.540
0.00072 5.00e+09 1.0531009436    1.007  1.869  3.7345  2.462    4  0.000  0.442     0.00     0.00 -1         0      0.00 7.307e-01 2.686e-01 1.114e-04 6.321e-05 3.363e-04 -1.000 7.634e-04 0.097 0.060 0.404 -0.455 0.951 0.342 -1.094 -1.489 -1.540
0.00072 5.00e+09 1.0532459021    1.007  1.870  3.7350  2.463    4  0.000  0.442     0.00     0.00 -1         0      0.00 7.307e-01 2.686e-01 1.114e-04 6.323e-05 3.363e-04 -1.000 7.633e-04 0.094 0.056 0.400 -0.457 0.944 0.338 -1.095 -1.489 -1.539
0.00072 5.00e+09 1.0533901453    1.007  1.871  3.7354  2.464    4  0.000  0.442     0.00     0.00 -1         0      0.00 7.307e-01 2.686e-01 1.114e-04 6.325e-05 3.363e-04 -1.000 7.634e-04 0.092 0.053 0.395 -0.459 0.937 0.335 -1.095 -1.488 -1.538
0.00072 5.00e+09 1.0535497665    1.008  1.873  3.7359  2.464    4  0.000  0.442     0.00     0.00 -1         0      0.00 7.307e-01 2.686e-01 1.113e-04 6.326e-05 3.363e-04 -1.000 7.634e-04 0.088 0.049 0.390 -0.461 0.930 0.330 -1.096 -1.488 -1.538
0.00072 5.00e+09 1.0537014008    1.008  1.874  3.7364  2.465    4  0.000  0.442     0.00     0.00 -1         0      0.00 7.307e-01 2.686e-01 1.113e-04 6.328e-05 3.363e-04 -1.000 7.632e-04 0.085 0.046 0.386 -0.464 0.923 0.326 -1.097 -1.488 -1.537
0.00072 5.00e+09 1.0538641214    1.008  1.875  3.7369  2.466    4  0.000  0.442     0.00     0.00 -1         0      0.00 7.307e-01 2.686e-01 1.113e-04 6.330e-05 3.363e-04 -1.000 7.634e-04 0.082 0.042 0.381 -0.467 0.916 0.321 -1.099 -1.488 -1.537
0.00072 5.00e+09 1.0540096760    1.008  1.876  3.7373  2.466    4  0.000  0.442     0.00     0.00 -1         0      0.00 7.306e-01 2.686e-01 1.113e-04 6.331e-05 3.363e-04 -1.000 7.633e-04 0.079 0.038 0.376 -0.469 0.909 0.317 -1.100 -1.488 -1.537
0.00072 5.00e+09 1.0541640520    1.008  1.878  3.7376  2.466    4  0.000  0.441     0.00     0.00 -1         0      0.00 7.306e-01 2.686e-01 1.113e-04 6.333e-05 3.363e-04 -1.000 7.634e-04 0.076 0.035 0.372 -0.472 0.902 0.312 -1.102 -1.489 -1.538
0.00072 5.00e+09 1.0543119907    1.008  1.879  3.7380  2.467    4  0.000  0.441     0.00     0.00 -1         0      0.00 7.306e-01 2.686e-01 1.113e-04 6.335e-05 3.363e-04 -1.000 7.634e-04 0.073 0.031 0.367 -0.475 0.896 0.308 -1.103 -1.490 -1.539
0.00072 5.00e+09 1.0543612242    1.009  1.879  3.7381  2.467    4  0.000  0.441     0.00     0.00 -1         0      0.00 7.306e-01 2.686e-01 1.113e-04 6.335e-05 3.363e-04 -1.000 7.633e-04 0.071 0.030 0.366 -0.476 0.894 0.307 -1.104 -1.490 -1.539
0.00072 5.00e+09 1.0545148849    1.009  1.881  3.7384  2.467    4  0.000  0.441     0.00     0.00 -1         0      0.00 7.306e-01 2.686e-01 1.113e-04 6.337e-05 3.363e-04 -1.000 7.634e-04 0.068 0.026 0.361 -0.479 0.888 0.302 -1.106 -1.492 -1.540
0.00072 5.00e+09 1.0546661615    1.009  1.882  3.7387  2.466    4  0.000  0.441     0.00     0.00 -1         0      0.00 7.306e-01 2.686e-01 1.112e-04 6.339e-05 3.363e-04 -1.000 7.634e-04 0.064 0.022 0.357 -0.482 0.882 0.298 -1.109 -1.493 -1.542
0.00072 5.00e+09 1.0548231602    1.009  1.884  3.7389  2.466    4  0.000  0.441     0.00     0.00 -1         0      0.00 7.306e-01 2.686e-01 1.112e-04 6.341e-05 3.363e-04 -1.000 7.633e-04 0.060 0.018 0.352 -0.486 0.877 0.294 -1.112 -1.496 -1.544
0.00072 5.00e+09 1.0549762249    1.009  1.885  3.7391  2.465    4  0.000  0.441     0.00     0.00 -1         0      0.00 7.306e-01 2.686e-01 1.112e-04 6.342e-05 3.363e-04 -1.000 7.633e-04 0.056 0.014 0.348 -0.490 0.871 0.289 -1.115 -1.499 -1.547
0.00072 5.00e+09 1.0551309586    1.009  1.887  3.7392  2.464    4  0.000  0.441     0.00     0.00 -1         0      0.00 7.306e-01 2.686e-01 1.112e-04 6.344e-05 3.363e-04 -1.000 7.634e-04 0.052 0.009 0.343 -0.494 0.866 0.285 -1.119 -1.502 -1.551
0.00072 5.00e+09 1.0552904606    1.010  1.889  3.7392  2.462    4  0.000  0.441     0.00     0.00 -1         0      0.00 7.306e-01 2.686e-01 1.112e-04 6.346e-05 3.363e-04 -1.000 7.633e-04 0.047 0.004 0.338 -0.499 0.861 0.280 -1.123 -1.507 -1.555
0.00072 5.00e+09 1.0554375648    1.010  1.891  3.7392  2.460    4  0.000  0.441     0.00     0.00 -1         0      0.00 7.306e-01 2.686e-01 1.112e-04 6.348e-05 3.363e-04 -1.000 7.634e-04 0.042 -0.000 0.333 -0.504 0.857 0.275 -1.128 -1.512 -1.560
0.00072 5.00e+09 1.0554523468    1.010  1.891  3.7392  2.460    4  0.000  0.441     0.00     0.00 -1         0      0.00 7.306e-01 2.686e-01 1.112e-04 6.348e-05 3.363e-04 -1.000 7.633e-04 0.042 -0.001 0.333 -0.504 0.856 0.274 -1.129 -1.512 -1.561
0.00072 5.00e+09 1.0555801392    1.010  1.893  3.7391  2.457    4  0.000  0.441     0.00     0.00 -1         0      0.00 7.306e-01 2.686e-01 1.112e-04 6.349e-05 3.363e-04 -1.000 7.634e-04 0.037 -0.006 0.328 -0.509 0.852 0.270 -1.134 -1.518 -1.566
0.00072 5.00e+09 1.0557311773    1.010  1.896  3.7388  2.454    4  0.000  0.441     0.00     0.00 -1         0      0.00 7.306e-01 2.686e-01 1.111e-04 6.351e-05 3.363e-04 -1.000 7.633e-04 0.031 -0.012 0.323 -0.516 0.848 0.264 -1.141 -1.526 -1.574
0.00072 5.00e+09 1.0558778048    1.010  1.898  3.7386  2.450    4  0.000  0.441     0.00     0.00 -1         0      0.00 7.306e-01 2.686e-01 1.111e-04 6.353e-05 3.363e-04 -1.000 7.634e-04 0.025 -0.018 0.317 -0.522 0.843 0.258 -1.149 -1.534 -1.583
0.00072 5.00e+09 1.0560281277    1.010  1.901  3.7381  2.446    4  0.000  0.441     0.00     0.00 -1         0      0.00 7.306e-01 2.686e-01 1.111e-04 6.354e-05 3.363e-04 -1.000 7.634e-04 0.017 -0.025 0.311 -0.531 0.839 0.252 -1.159 -1.545 -1.594
0.00072 5.00e+09 1.0561795235    1.011  1.905  3.7375  2.439    4  0.000  0.441     0.00     0.00 -1         0      0.00 7.306e-01 2.687e-01 1.111e-04 6.356e-05 3.363e-04 -1.000 7.634e-04 0.008 -0.034 0.304 -0.541 0.835 0.244 -1.171 -1.558 -1.607
0.00072 5.00e+09 1.0563261509    1.011  1.909  3.7368  2.433    4  0.000  0.441     0.00     0.00 -1         0      0.00 7.306e-01 2.687e-01 1.111e-04 6.358e-05 3.363e-04 -1.000 7.634e-04 -0.003 -0.043 0.296 -0.552 0.830 0.236 -1.184 -1.573 -1.623
0.00072 5.00e+09 1.0564749241    1.011  1.914  3.7359  2.425    4  0.000  0.441     0.00     0.00 -1         0      0.00 7.306e-01 2.687e-01 1.111e-04 6.359e-05 3.363e-04 -1.000 7.634e-04 -0.014 -0.054 0.287 -0.565 0.826 0.226 -1.199 -1.591 -1.640
0.00072 5.00e+09 1.0566201210    1.011  1.919  3.7351  2.416    4  0.000  0.441     0.00     0.00 -1         0      0.00 7.306e-01 2.687e-01 1.111e-04 6.361e-05 3.363e-04 -1.000 7.633e-04 -0.027 -0.066 0.277 -0.579 0.821 0.216 -1.216 -1.609 -1.659
0.00072 5.00e+09 1.0567677021    1.011  1.925  3.7340  2.406    4  0.000  0.440     0.00     0.00 -1         0      0.00 7.306e-01 2.687e-01 1.110e-04 6.363e-05 3.363e-04 -1.000 7.633e-04 -0.042 -0.080 0.266 -0.595 0.815 0.204 -1.236 -1.632 -1.682
0.00072 5.00e+09 1.0569149256    1.011  1.933  3.7325  2.392    4  0.000  0.440     0.00     0.00 -1         0      0.00 7.306e-01 2.687e-01 1.110e-04 6.364e-05 3.363e-04 -1.000 7.632e-04 -0.063 -0.099 0.250 -0.618 0.807 0.187 -1.263 -1.663 -1.714
0.00072 5.00e+09 1.0570631027    1.012  1.946  3.7303  2.370    4  0.000  0.440     0.00     0.00 -1         0      0.00 7.306e-01 2.687e-01 1.110e-04 6.366e-05 3.363e-04 -1.000 7.632e-04 -0.096 -0.129 0.225 -0.653 0.793 0.160 -1.305 -1.711 -1.762
0.00072 5.00e+09 1.0572094917    1.012  1.980  3.7252  2.316    4  0.000  0.440     0.00     0.00 -1         0      0.00 7.306e-01 2.687e-01 1.110e-04 6.368e-05 3.363e-04 -1.000 7.633e-04 -0.180 -0.208 0.158 -0.744 0.752 0.090 -1.412 -1.830 -1.883
0.00072 5.00e+09 1.0572680235    1.012  2.013  3.7208  2.265    4  0.000  0.440     0.00     0.00 -1         0      0.00 7.306e-01 2.687e-01 1.110e-04 6.368e-05 3.363e-04 -1.000 7.634e-04 -0.263 -0.285 0.092 -0.831 0.710 0.020 -1.513 -1.942 -1.998
0.00072 5.00e+09 1.0572923422    1.012  2.045  3.7171  2.219    4  0.000  0.440     0.00     0.00 -1         0      0.00 7.305e-01 2.687e-01 1.110e-04 6.368e-05 3.363e-04 -1.000 7.634e-04 -0.342 -0.359 0.028 -0.913 0.668 -0.047 -1.608 -2.047 -2.104
0.00072 5.00e+09 1.0573035479    1.012  2.079  3.7136  2.171    4  0.000  0.440     0.00     0.00 -1         0      0.00 7.305e-01 2.687e-01 1.110e-04 6.369e-05 3.363e-04 -1.000 7.633e-04 -0.427 -0.438 -0.043 -1.001 0.618 -0.120 -1.708 -2.155 -2.214
0.00072 5.00e+09 1.0573090315    1.012  2.112  3.7103  2.125    4  0.000  0.440     0.00     0.00 -1         0      0.00 7.305e-01 2.687e-01 1.110e-04 6.369e-05 3.363e-04 -1.000 7.634e-04 -0.510 -0.516 -0.112 -1.086 0.568 -0.192 -1.804 -2.260 -2.320
0.00072 5.00e+09 1.0573103428    1.012  2.124  3.7093  2.108    7  0.000  0.440     0.00     0.00 -1         0      0.00 7.305e-01 2.687e-01 1.110e-04 6.369e-05 3.363e-04 -1.000 7.633e-04 -0.540 -0.545 -0.137 -1.117 0.549 -0.218 -1.838 -2.297 -2.359
0.00072 5.00e+09 1.0573124886    1.012  2.152  3.7069  2.071    7  0.000  0.440     0.00     0.00 -1         0      0.00 7.305e-01 2.687e-01 1.110e-04 6.369e-05 3.363e-04 -1.000 7.634e-04 -0.609 -0.610 -0.197 -1.188 0.504 -0.279 -1.918 -2.383 -2.445
0.00072 5.00e+09 1.0573152304    1.012  2.189  3.7040  2.022    7  0.000  0.440     0.00     0.00 -1         0      0.00 7.305e-01 2.687e-01 1.110e-04 6.369e-05 3.363e-04 -1.000 7.633e-04 -0.702 -0.698 -0.276 -1.283 0.444 -0.361 -2.022 -2.496 -2.559
0.00072 5.00e+09 1.0573179722    1.012  2.222  3.7014  1.979    7  0.000  0.440     0.00     0.00 -1         0      0.00 7.305e-01 2.687e-01 1.110e-04 6.369e-05 3.363e-04 -1.000 7.633e-04 -0.786 -0.777 -0.348 -1.368 0.389 -0.434 -2.117 -2.597 -2.661
0.00072 5.00e+09 1.0573207140    1.012  2.252  3.6992  1.940    7  0.000  0.440     0.00     0.00 -1         0      0.00 7.305e-01 2.687e-01 1.110e-04 6.369e-05 3.363e-04 -1.000 7.634e-04 -0.859 -0.846 -0.412 -1.444 0.340 -0.500 -2.200 -2.685 -2.751
0.00072 5.00e+09 1.0573251247    1.012  2.264  3.6984  1.925    7  0.000  0.440     0.00     0.00 -1         0      0.00 7.305e-01 2.687e-01 1.110e-04 6.369e-05 3.363e-04 -1.000 7.633e-04 -0.891 -0.876 -0.439 -1.475 0.318 -0.528 -2.234 -2.722 -2.787
0.00072 5.00e+09 1.0573329926    1.012  2.253  3.6994  1.940    7  0.000  0.440     0.00     0.00 -1         0      0.00 7.305e-01 2.687e-01 1.110e-04 6.369e-05 3.363e-04 -1.000 7.634e-04 -0.862 -0.849 -0.415 -1.446 0.336 -0.503 -2.202 -2.687 -2.752
0.00072 5.00e+09 1.0573486090    1.012  2.236  3.7006  1.962    7  0.000  0.440     0.00     0.00 -1         0      0.00 7.305e-01 2.687e-01 1.110e-04 6.369e-05 3.363e-04 -1.000 7.633e-04 -0.819 -0.808 -0.377 -1.402 0.365 -0.465 -2.153 -2.635 -2.700
0.00072 5.00e+09 1.0574340820    1.012  2.242  3.6999  1.953    7  0.000  0.440     0.00     0.00 -1         0      0.00 7.305e-01 2.687e-01 1.110e-04 6.370e-05 3.363e-04 -1.000 7.634e-04 -0.835 -0.823 -0.390 -1.419 0.357 -0.478 -2.172 -2.656 -2.721
0.00072 5.00e+09 1.0574868917    1.012  2.275  3.6973  1.909    7  0.000  0.440     0.00     0.00 -1         0      0.00 7.305e-01 2.687e-01 1.110e-04 6.371e-05 3.363e-04 -1.000 7.633e-04 -0.918 -0.902 -0.461 -1.504 0.304 -0.551 -2.266 -2.757 -2.823
0.00072 5.00e+09 1.0575397015    1.012  2.317  3.6941  1.854    7  0.000  0.440     0.00     0.00 -1         0      0.00 7.305e-01 2.687e-01 1.110e-04 6.371e-05 3.363e-04 -1.000 7.634e-04 -1.023 -1.000 -0.550 -1.610 0.238 -0.642 -2.384 -2.883 -2.951
0.00072 5.00e+09 1.0575872660    1.012  2.359  3.6910  1.800    7  0.000  0.440     0.00     0.00 -1         0      0.00 7.305e-01 2.687e-01 1.110e-04 6.372e-05 3.363e-04 -1.000 7.634e-04 -1.127 -1.097 -0.637 -1.714 0.174 -0.732 -2.500 -3.008 -3.077
0.00072 5.00e+09 1.0576291084    1.012  2.401  3.6879  1.746    7  0.000  0.440     0.00     0.00 -1         0      0.00 7.305e-01 2.687e-01 1.110e-04 6.372e-05 3.363e-04 -1.000 7.634e-04 -1.231 -1.194 -0.725 -1.819 0.110 -0.822 -2.616 -3.133 -3.203
0.00072 5.00e+09 1.0576658249    1.012  2.442  3.6849  1.693    7  0.000  0.440     0.00     0.00 -1         0      0.00 7.305e-01 2.687e-01 1.110e-04 6.373e-05 3.363e-04 -1.000 7.634e-04 -1.335 -1.290 -0.812 -1.923 0.047 -0.911 -2.731 -3.256 -3.328
0.00072 5.00e+09 1.0576980114    1.012  2.483  3.6819  1.640    7  0.000  0.440     0.00     0.00 -1         0      0.00 7.305e-01 2.687e-01 1.109e-04 6.373e-05 3.363e-04 -1.000 7.633e-04 -1.438 -1.386 -0.898 -2.026 -0.015 -0.999 -2.846 -3.379 -3.453
0.00072 5.00e+09 1.0577266216    1.012  2.524  3.6788  1.586    7  0.000  0.440     0.00     0.00 -1         0      0.00 7.305e-01 2.687e-01 1.109e-04 6.376e-05 3.363e-04 -1.000 7.633e-04 -1.540 -1.480 -0.982 -2.127 -0.074 -1.085 -2.959 -3.502 -3.577
0.00072 5.00e+09 1.0577521324    1.012  2.565  3.6758  1.533    7  0.000  0.439     0.00     0.00 -1         0      0.00 7.305e-01 2.687e-01 1.107e-04 6.387e-05 3.363e-04 -1.000 7.633e-04 -1.643 -1.573 -1.065 -2.228 -0.132 -1.170 -3.072 -3.624 -3.700
0.00072 5.00e+09 1.0577753782    1.012  2.606  3.6726  1.479    7  0.000  0.436     0.00     0.00 -1         0      0.00 7.305e-01 2.687e-01 1.102e-04 6.432e-05 3.363e-04 -1.000 7.633e-04 -1.746 -1.667 -1.148 -2.331 -0.188 -1.255 -3.187 -3.747 -3.826
0.00072 5.00e+09 1.0577963591    1.012  2.647  3.6695  1.426    7  0.000  0.432     0.00     0.00 -1         0      0.00 7.305e-01 2.687e-01 1.092e-04 6.531e-05 3.363e-04 -1.000 7.634e-04 -1.849 -1.760 -1.230 -2.433 -0.240 -1.338 -3.301 -3.871 -3.951
0.00072 5.00e+09 1.0578159094    1.012  2.689  3.6663  1.372    7  0.000  0.427     0.00     0.00 -1         0      0.00 7.305e-01 2.687e-01 1.080e-04 6.679e-05 3.363e-04 -1.000 7.664e-04 -1.952 -1.853 -1.311 -2.534 -0.290 -1.421 -3.415 -3.994 -4.076
0.00072 5.00e+09 1.0578342676    1.012  2.730  3.6632  1.318    7  0.000  0.422     0.00     0.00 -1         0      0.00 7.305e-01 2.687e-01 1.067e-04 6.837e-05 3.363e-04 -1.000 7.698e-04 -2.055 -1.944 -1.390 -2.634 -0.337 -1.501 -3.529 -4.117 -4.201
0.00072 5.00e+09 1.0578517914    1.012  2.771  3.6599  1.264    7  0.000  0.417     0.00     0.00 -1         0      0.00 7.305e-01 2.688e-01 1.056e-04 6.973e-05 3.363e-04 -1.000 7.660e-04 -2.158 -2.036 -1.469 -2.735 -0.381 -1.581 -3.643 -4.241 -4.327
0.00072 5.00e+09 1.0578681231    1.012  2.812  3.6567  1.210    7  0.000  0.413     0.00     0.00 -1         0      0.00 7.305e-01 2.688e-01 1.046e-04 7.094e-05 3.363e-04 -1.000 7.634e-04 -2.260 -2.126 -1.547 -2.835 -0.423 -1.660 -3.757 -4.365 -4.453
0.00072 5.00e+09 1.0578831434    1.012  2.853  3.6534  1.156    7  0.000  0.410     0.00     0.00 -1         0      0.00 7.304e-01 2.688e-01 1.037e-04 7.202e-05 3.362e-04 -1.000 7.635e-04 -2.362 -2.215 -1.623 -2.934 -0.463 -1.737 -3.870 -4.488 -4.577
0.00072 5.00e+09 1.0578984022    1.012  2.894  3.6501  1.101    7  0.000  0.407     0.00     0.00 -1         0      0.00 7.304e-01 2.689e-01 1.029e-04 7.299e-05 3.362e-04 -1.000 7.635e-04 -2.466 -2.303 -1.696 -3.031 -0.498 -1.810 -3.984 -4.612 -4.704
0.00072 5.00e+09 1.0579136610    1.012  2.936  3.6467  1.046    7  0.000  0.404     0.00     0.00 -1         0      0.00 7.303e-01 2.689e-01 1.022e-04 7.384e-05 3.361e-04 -1.000 7.634e-04 -2.570 -2.391 -1.769 -3.129 -0.530 -1.883 -4.098 -4.737 -4.832
0.00072 5.00e+09 1.0579280853    1.013  2.978  3.6432  0.990    7  0.000  0.402     0.00     0.00 -1         0      0.00 7.303e-01 2.690e-01 1.017e-04 7.456e-05 3.360e-04 -1.000 7.635e-04 -2.675 -2.480 -1.841 -3.228 -0.560 -1.956 -4.214 -4.865 -4.962
0.00072 5.00e+09 1.0579400063    1.013  3.020  3.6396  0.933    7  0.000  0.400     0.00     0.00 -1         0      0.00 7.302e-01 2.690e-01 1.012e-04 7.521e-05 3.358e-04 -1.000 7.713e-04 -2.781 -2.567 -1.911 -3.328 -0.581 -2.025 -4.331 -4.993 -5.093
0.00072 5.00e+09 1.0579484701    1.013  3.060  3.6363  0.881    7  0.000  0.399     0.00     0.00 -1         0      0.00 7.301e-01 2.691e-01 1.008e-04 7.578e-05 3.356e-04 -1.000 7.958e-04 -2.880 -2.647 -1.973 -3.418 -0.595 -2.085 -4.439 -5.111 -5.215
0.00072 5.00e+09 1.0579558611    1.013  3.100  3.6329  0.827    7  0.000  0.398     0.00     0.00 -1         0      0.00 7.301e-01 2.691e-01 1.005e-04 7.634e-05 3.354e-04 -1.000 7.636e-04 -2.979 -2.726 -2.034 -3.509 -0.607 -2.145 -4.548 -5.231 -5.338
0.00072 5.00e+09 1.0579628944    1.013  3.141  3.6294  0.772    7  0.000  0.397     0.00     0.00 -1         0      0.00 7.301e-01 2.691e-01 1.002e-04 7.683e-05 3.351e-04 -1.000 7.797e-04 -3.082 -2.808 -2.097 -3.603 -0.616 -2.205 -4.661 -5.355 -5.466
0.00072 5.00e+09 1.0579687357    1.013  3.180  3.6260  0.720    7  0.000  0.397     0.00     0.00 -1         0      0.00 7.300e-01 2.692e-01 9.998e-05 7.726e-05 3.349e-04 -1.000 7.855e-04 -3.179 -2.885 -2.155 -3.692 -0.621 -2.262 -4.769 -5.473 -5.588
0.00072 5.00e+09 1.0579754114    1.013  3.235  3.6212  0.645    7  0.000  0.396     0.00     0.00 -1         0      0.00 7.300e-01 2.692e-01 9.968e-05 7.798e-05 3.344e-04 -1.000 7.635e-04 -3.317 -2.990 -2.231 -3.813 -0.624 -2.334 -4.918 -5.639 -5.759
0.00072 5.00e+09 1.0579760075    1.013  3.257  3.6191  0.615    7  0.000  0.396     0.00     0.00 -1         0      0.00 7.300e-01 2.692e-01 9.956e-05 7.824e-05 3.343e-04 -1.000 7.924e-04 -3.371 -3.030 -2.260 -3.861 -0.622 -2.361 -4.977 -5.706 -5.828
0.00072 5.00e+09 1.0579766035    1.013  3.281  3.6169  0.582    7  0.000  0.396     0.00     0.00 -1         0      0.00 7.300e-01 2.693e-01 9.942e-05 7.864e-05 3.340e-04 -1.000 7.634e-04 -3.432 -3.075 -2.292 -3.914 -0.620 -2.391 -5.043 -5.779 -5.904
0.00072 5.00e+09 1.0579770803    1.013  3.296  3.6155  0.562    7  0.000  0.396     0.00     0.00 -1         0      0.00 7.299e-01 2.693e-01 9.935e-05 7.884e-05 3.339e-04 -1.000 7.633e-04 -3.470 -3.104 -2.312 -3.947 -0.618 -2.409 -5.084 -5.825 -5.952
0.00072 5.00e+09 1.0579776764    1.013  3.309  3.6143  0.544    7  0.000  0.396     0.00     0.00 -1         0      0.00 7.299e-01 2.693e-01 9.928e-05 7.902e-05 3.337e-04 -1.000 7.633e-04 -3.503 -3.128 -2.329 -3.975 -0.616 -2.425 -5.120 -5.865 -5.993
0.00072 5.00e+09 1.0579785109    1.013  3.332  3.6123  0.512    7  0.000  0.395     0.00     0.00 -1         0      0.00 7.299e-01 2.693e-01 9.917e-05 7.933e-05 3.335e-04 -1.000 7.633e-04 -3.560 -3.171 -2.359 -4.025 -0.613 -2.453 -5.182 -5.934 -6.065
0.00072 5.00e+09 1.0579798222    1.013  3.360  3.6081  0.468    8  0.542  0.415    63.27    35.32  1 -3.16e-07      0.00 7.299e-01 2.693e-01 1.044e-04 7.988e-05 3.347e-04 -1.000 7.979e-04 -3.630 -3.209 -2.372 -4.077 -0.567 -2.460 -5.259 -6.028 -6.163
0.00072 5.00e+09 1.0579799414    1.012  3.188  3.6230  0.699    8  0.542  0.416    38.43    22.95  1 -1.58e-07      0.00 7.299e-01 2.693e-01 1.044e-04 7.988e-05 3.347e-04 -1.000 7.979e-04 -3.200 -2.886 -2.141 -3.702 -0.572 -2.246 -4.796 -5.511 -5.629
0.00072 5.00e+09 1.0579801798    1.011  3.067  3.6334  0.861    8  0.542  0.416    27.08    16.95  1 -1.02e-07      0.00 7.299e-01 2.693e-01 1.044e-04 7.988e-05 3.347e-04 -1.000 7.979e-04 -2.898 -2.649 -1.962 -3.429 -0.551 -2.073 -4.464 -5.146 -5.253
0.00072 5.00e+09 1.0579806566    1.008  2.856  3.6516  1.144    8  0.542  0.416    14.71    10.00  1 -5.09e-08      0.00 7.299e-01 2.693e-01 1.044e-04 7.988e-05 3.347e-04 -1.000 7.978e-04 -2.370 -2.215 -1.616 -2.939 -0.439 -1.730 -3.883 -4.507 -4.598
0.00072 5.00e+09 1.0579812527    1.004  2.862  3.6510  1.134    8  0.542  0.416    15.02    10.17  1  -5.2e-08      0.00 7.299e-01 2.693e-01 1.044e-04 7.988e-05 3.347e-04 -1.000 7.979e-04 -2.385 -2.227 -1.625 -2.952 -0.441 -1.739 -3.900 -4.525 -4.617
0.00072 5.00e+09 1.0579820871    0.999  2.955  3.6429  1.007    8  0.542  0.416    19.76    12.87  1 -7.01e-08      0.00 7.299e-01 2.693e-01 1.044e-04 7.988e-05 3.347e-04 -1.000 7.979e-04 -2.616 -2.420 -1.781 -3.168 -0.502 -1.896 -4.155 -4.807 -4.905
0.00072 5.00e+09 1.0579830408    0.993  3.113  3.6289  0.790    8  0.543  0.416    31.51    19.24  1 -1.22e-07      0.00 7.299e-01 2.693e-01 1.044e-04 7.988e-05 3.347e-04 -1.000 7.979e-04 -3.012 -2.736 -2.025 -3.531 -0.545 -2.133 -4.592 -5.288 -5.399
0.00072 5.00e+09 1.0579842329    0.986  3.254  3.6164  0.596    8  0.543  0.416    47.86    27.58  1 -2.11e-07      0.00 7.299e-01 2.693e-01 1.044e-04 7.988e-05 3.347e-04 -1.000 7.979e-04 -3.364 -3.005 -2.220 -3.843 -0.548 -2.319 -4.975 -5.714 -5.839
0.00072 5.00e+09 1.0579856634    0.978  3.349  3.6077  0.463    8  0.543  0.416    63.73    35.25  1 -3.15e-07      0.00 7.299e-01 2.693e-01 1.044e-04 7.988e-05 3.347e-04 -1.000 7.979e-04 -3.602 -3.178 -2.339 -4.048 -0.528 -2.426 -5.232 -6.001 -6.137
0.00072 5.00e+09 1.0579872131    0.969  3.402  3.6027  0.385    8  0.544  0.416    75.30    40.62  1 -4.01e-07      0.00 7.299e-01 2.693e-01 1.044e-04 7.988e-05 3.347e-04 -1.000 7.978e-04 -3.736 -3.271 -2.395 -4.159 -0.497 -2.473 -5.376 -6.164 -6.306
0.00072 5.00e+09 1.0579890013    0.959  3.431  3.5998  0.340    8  0.544  0.416    82.86    44.01  1 -4.61e-07      0.00 7.299e-01 2.693e-01 1.044e-04 7.988e-05 3.347e-04 -1.000 7.979e-04 -3.807 -3.319 -2.422 -4.218 -0.473 -2.494 -5.454 -6.252 -6.398
0.00072 5.00e+09 1.0579909086    0.948  3.451  3.5976  0.307    8  0.545  0.415    88.93    46.64  1  -5.1e-07      0.00 7.299e-01 2.693e-01 1.044e-04 7.988e-05 3.347e-04 -1.000 7.979e-04 -3.857 -3.350 -2.437 -4.257 -0.450 -2.504 -5.508 -6.313 -6.463
0.00072 5.00e+09 1.0579910278    0.947  3.337  3.6077  0.460    8  0.545  0.416    63.88    35.03  1 -3.13e-07      0.00 7.299e-01 2.693e-01 1.044e-04 7.988e-05 3.347e-04 -1.000 7.978e-04 -3.572 -3.148 -2.308 -4.018 -0.494 -2.395 -5.203 -5.972 -6.108
0.00072 5.00e+09 1.0579913855    0.943  3.167  3.6227  0.688    8  0.545  0.416    39.02    22.85  1 -1.59e-07      0.00 7.299e-01 2.693e-01 1.044e-04 7.988e-05 3.347e-04 -1.000 7.979e-04 -3.148 -2.832 -2.085 -3.649 -0.509 -2.189 -4.744 -5.461 -5.579
0.00072 5.00e+09 1.0579919815    0.937  2.955  3.6415  0.973    8  0.545  0.416    21.13    13.42  1 -7.56e-08      0.00 7.299e-01 2.693e-01 1.044e-04 7.988e-05 3.347e-04 -1.000 7.978e-04 -2.618 -2.415 -1.769 -3.168 -0.467 -1.883 -4.162 -4.818 -4.917
0.00072 5.00e+09 1.0579926968    0.929  2.960  3.6411  0.963    8  0.546  0.416    21.56    13.63  1 -7.77e-08      0.00 7.299e-01 2.693e-01 1.044e-04 7.988e-05 3.347e-04 -1.000 7.979e-04 -2.629 -2.424 -1.776 -3.179 -0.468 -1.890 -4.174 -4.832 -4.931
0.00072 5.00e+09 1.0579937696    0.918  3.049  3.6332  0.837    8  0.546  0.416    28.28    17.17  1 -1.08e-07      0.00 7.299e-01 2.693e-01 1.044e-04 7.988e-05 3.347e-04 -1.000 7.979e-04 -2.853 -2.602 -1.912 -3.384 -0.491 -2.023 -4.421 -5.103 -5.210
0.00072 5.00e+09 1.0579950809    0.905  3.201  3.6197  0.624    8  0.547  0.416    44.66    25.38  1 -1.94e-07      0.00 7.299e-01 2.693e-01 1.044e-04 7.988e-05 3.347e-04 -1.000 7.979e-04 -3.233 -2.896 -2.129 -3.724 -0.499 -2.230 -4.838 -5.564 -5.686
0.00072 5.00e+09 1.0579965115    0.890  3.335  3.6077  0.435    8  0.547  0.416    67.11    35.92  1 -3.45e-07      0.00 7.299e-01 2.693e-01 1.044e-04 7.988e-05 3.347e-04 -1.000 7.979e-04 -3.568 -3.142 -2.297 -4.014 -0.471 -2.383 -5.200 -5.969 -6.105
0.00072 5.00e+09 1.0579982996    0.873  3.424  3.5997  0.306    8  0.548  0.416    88.53    45.35  1 -5.23e-07      0.00 7.299e-01 2.693e-01 1.044e-04 7.988e-05 3.347e-04 -1.000 7.978e-04 -3.790 -3.298 -2.394 -4.199 -0.425 -2.464 -5.439 -6.235 -6.382
0.00072 5.00e+09 1.0580003262    0.854  3.471  3.5953  0.232    8  0.549  0.416   103.84    51.67  1 -6.72e-07      0.00 7.299e-01 2.693e-01 1.044e-04 7.988e-05 3.347e-04 -1.000 7.979e-04 -3.908 -3.378 -2.440 -4.297 -0.392 -2.500 -5.566 -6.378 -6.531
0.00072 5.00e+09 1.0580024719    0.833  3.494  3.5932  0.189    8  0.550  0.416   113.64    55.37  1 -7.78e-07      0.00 7.299e-01 2.693e-01 1.044e-04 7.988e-05 3.347e-04 -1.000 7.978e-04 -3.965 -3.416 -2.459 -4.343 -0.369 -2.514 -5.627 -6.447 -6.604
0.00072 5.00e+09 1.0580049753    0.811  3.508  3.5918  0.158    8  0.551  0.415   121.42    58.00  1 -8.69e-07      0.00 7.299e-01 2.693e-01 1.044e-04 7.988e-05 3.347e-04 -1.000 7.979e-04 -3.999 -3.437 -2.468 -4.370 -0.348 -2.519 -5.664 -6.488 -6.647
0.00072 5.00e+09 1.0580050945    0.808  3.410  3.6011  0.293    8  0.551  0.416    90.88    45.11  1 -5.63e-07      0.00 7.299e-01 2.693e-01 1.044e-04 7.988e-05 3.347e-04 -1.000 7.979e-04 -3.754 -3.271 -2.371 -4.171 -0.409 -2.443 -5.403 -6.192 -6.338
0.00072 5.00e+09 1.0580054522    0.802  3.242  3.6175  0.522    8  0.551  0.416    55.40    29.31  1 -2.83e-07      0.00 7.299e-01 2.693e-01 1.044e-04 7.988e-05 3.347e-04 -1.000 7.979e-04 -3.335 -2.980 -2.192 -3.820 -0.501 -2.290 -4.949 -5.681 -5.805
0.00072 5.00e+09 1.0580061674    0.791  3.031  3.6386  0.812    8  0.551  0.416    29.61    16.96  1 -1.31e-07      0.00 7.299e-01 2.693e-01 1.044e-04 7.988e-05 3.347e-04 -1.000 7.979e-04 -2.806 -2.584 -1.913 -3.354 -0.535 -2.026 -4.364 -5.026 -5.128
0.00072 5.00e+09 1.0580070019    0.777  3.035  3.6409  0.809    8  0.552  0.416    29.84    16.93  1 -1.41e-07      0.00 7.299e-01 2.693e-01 1.044e-04 7.988e-05 3.347e-04 -1.000 7.979e-04 -2.817 -2.606 -1.943 -3.370 -0.586 -2.057 -4.370 -5.023 -5.123
0.00072 5.00e+09 1.0580081940    0.758  3.122  3.6363  0.693    8  0.552  0.416    38.37    20.80  1 -2.09e-07      0.00 7.299e-01 2.693e-01 1.044e-04 7.988e-05 3.347e-04 -1.000 7.979e-04 -3.034 -2.796 -2.104 -3.579 -0.664 -2.215 -4.604 -5.270 -5.374
0.00072 5.00e+09 1.0580096245    0.736  3.267  3.6270  0.498    8  0.553  0.416    58.61    29.52  1 -4.06e-07      0.00 7.299e-01 2.693e-01 1.044e-04 7.988e-05 3.347e-04 -1.000 7.979e-04 -3.398 -3.102 -2.352 -3.920 -0.746 -2.458 -4.997 -5.691 -5.805
0.00072 5.00e+09 1.0580112934    0.710  3.395  3.6202  0.327    8  0.554  0.416    85.00    39.85  1 -7.75e-07      0.00 7.299e-01 2.693e-01 1.044e-04 7.988e-05 3.347e-04 -1.000 7.978e-04 -3.717 -3.367 -2.560 -4.217 -0.800 -2.654 -5.340 -6.053 -6.175
0.00072 5.00e+09 1.0580132008    0.682  3.478  3.6180  0.218    8  0.555  0.416   108.56    47.78  1 -1.27e-06      0.00 7.299e-01 2.693e-01 1.044e-04 7.988e-05 3.347e-04 -1.000 7.978e-04 -3.926 -3.554 -2.720 -4.419 -0.882 -2.808 -5.560 -6.276 -6.402
0.00072 5.00e+09 1.0580154657    0.651  3.522  3.6203  0.162    8  0.556  0.416   124.10    51.36  0 -1.77e-06      0.00 7.299e-01 2.693e-01 1.044e-04 7.988e-05 3.347e-04 -1.000 7.978e-04 -4.036 -3.676 -2.843 -4.539 -1.002 -2.931 -5.670 -6.375 -6.499
0.00072 5.00e+09 1.0580179691    0.618  3.543  3.6255  0.140    8  0.557  0.416   134.15    51.24  0 -2.27e-06      0.00 7.299e-01 2.693e-01 1.044e-04 7.988e-05 3.347e-04 -1.000 7.978e-04 -4.087 -3.760 -2.948 -4.612 -1.155 -3.041 -5.714 -6.398 -6.516
0.00072 5.00e+09 1.0580207109    0.583  3.554  3.6322  0.130    8  0.558  0.415   147.70    48.11  0 -2.83e-06      0.00 7.299e-01 2.693e-01 1.044e-04 7.988e-05 3.347e-04 -1.000 7.978e-04 -4.116 -3.830 -3.049 -4.664 -1.339 -3.148 -5.729 -6.388 -6.499
0.00072 5.00e+09 1.0580207109    0.583  3.474  3.6397  0.241    8  0.558  0.416   116.45    39.12  0 -1.96e-06      0.00 7.299e-01 2.693e-01 1.044e-04 7.988e-05 3.347e-04 -1.000 7.977e-04 -3.914 -3.679 -2.949 -4.484 -1.382 -3.056 -5.503 -6.139 -6.242
0.00072 5.00e+09 1.0580207109    0.583  3.308  3.6552  0.469    8  0.558  0.416    71.39    25.54  1 -9.62e-07      0.00 7.299e-01 2.693e-01 1.044e-04 7.988e-05 3.347e-04 -1.000 7.978e-04 -3.499 -3.351 -2.715 -4.097 -1.420 -2.833 -5.032 -5.624 -5.713
0.00072 5.00e+09 1.0580208302    0.582  3.094  3.6753  0.762    8  0.558  0.416    38.04    14.73  1  -4.2e-07      0.00 7.299e-01 2.693e-01 1.044e-04 7.988e-05 3.347e-04 -1.000 7.978e-04 -2.965 -2.896 -2.356 -3.574 -1.336 -2.466 -4.419 -4.957 -5.033
0.00072 5.00e+09 1.0580208302    0.581  3.094  3.6756  0.762    8  0.558  0.416    38.22    14.66  1 -4.23e-07      0.00 7.299e-01 2.693e-01 1.044e-04 7.988e-05 3.347e-04 -1.000 7.978e-04 -2.966 -2.898 -2.359 -3.575 -1.342 -2.469 -4.419 -4.955 -5.031
0.00072 5.00e+09 1.0580209494    0.579  3.175  3.6686  0.653    8  0.558  0.416    48.74    17.88  1 -5.77e-07      0.00 7.299e-01 2.693e-01 1.044e-04 7.988e-05 3.347e-04 -1.000 7.979e-04 -3.167 -3.075 -2.504 -3.775 -1.401 -2.619 -4.648 -5.204 -5.283
0.00072 5.00e+09 1.0580210686    0.578  3.310  3.6567  0.468    8  0.558  0.416    73.16    25.00  1    -1e-06      0.00 7.299e-01 2.693e-01 1.044e-04 7.988e-05 3.347e-04 -1.000 7.978e-04 -3.504 -3.362 -2.732 -4.104 -1.454 -2.849 -5.032 -5.620 -5.708
0.00072 5.00e+09 1.0580211878    0.575  3.427  3.6464  0.309    8  0.558  0.416   104.52    33.33  1 -1.67e-06      0.00 7.299e-01 2.693e-01 1.044e-04 7.988e-05 3.347e-04 -1.000 7.978e-04 -3.798 -3.601 -2.910 -4.381 -1.455 -3.022 -5.364 -5.980 -6.077
0.00072 5.00e+09 1.0580214262    0.573  3.502  3.6403  0.207    8  0.558  0.416   132.16    39.70  0 -2.36e-06      0.00 7.299e-01 2.693e-01 1.044e-04 7.988e-05 3.347e-04 -1.000 7.979e-04 -3.985 -3.751 -3.019 -4.557 -1.446 -3.126 -5.574 -6.207 -6.309
0.00072 5.00e+09 1.0580215454    0.570  3.538  3.6378  0.159    8  0.558  0.416   149.94    42.63  0 -2.83e-06      0.00 7.299e-01 2.693e-01 1.044e-04 7.988e-05 3.347e-04 -1.000 7.979e-04 -4.075 -3.824 -3.074 -4.641 -1.450 -3.179 -5.673 -6.314 -6.418
0.00072 5.00e+09 1.0580217838    0.567  3.551  3.6376  0.143    8  0.559  0.416   160.36    42.74  0 -3.05e-06      0.00 7.299e-01 2.693e-01 1.044e-04 7.988e-05 3.347e-04 -1.000 7.979e-04 -4.107 -3.854 -3.101 -4.672 -1.467 -3.205 -5.706 -6.347 -6.452
0.00072 5.00e+09 1.0580220222    0.564  3.554  3.6383  0.140    8  0.559  0.415   170.40    41.14  0 -3.16e-06      0.00 7.299e-01 2.693e-01 1.044e-04 7.988e-05 3.347e-04 -1.000 7.979e-04 -4.115 -3.867 -3.117 -4.683 -1.492 -3.221 -5.713 -6.351 -6.455
0.00072 5.00e+09 1.0580232143    0.564 -9.999  4.0801  1.960    9  0.564  0.000     0.00     0.00 -1         0      0.00 7.299e-01 2.693e-01 1.044e-04 7.988e-05 3.347e-04 -1.000 7.978e-04 29.767 30.453 30.400 30.512 30.334 30.492 30.623 30.672 30.694
#isochrone terminated
