# File generated by CMD 3.0 (http://stev.oapd.inaf.it/cmd) on Sun Jun 10 01:58:15 CEST 2018
# isochrones PARSEC release v1.2S + COLIBRI release PR16, as in Marigo et al. 2017
# Basic reference: Marigo et al. (2017), ApJ, 835, 77
# Photometric system: Gaia DR2 + Tycho2 + 2MASS (all Vegamags)
# O-rich circumstellar dust ignored
# C-rich circumstellar dust ignored
# Kind of output: isochrone tables
# Zini Age Mini  Mass   logL    logTe  logg  label   McoreTP C_O  period0 period1 pmode  Mloss  tau1m   X   Y   Xc  Xn  Xo  Cexcess  Z 	 mbolmag  Gmag    G_BPmag  G_RPmag  B_Tmag  V_Tmag  Jmag    Hmag    Ksmag
0.03379 5.00e+09 0.1000000015    0.100 -3.275  3.3680  5.137    1  0.000  0.545     0.00     0.00 -1  5.71e-17      0.00 6.553e-01 3.106e-01 6.138e-03 1.656e-03 1.502e-02 -1.000 3.414e-02 12.957 15.057 18.312 13.679 21.452 18.377 10.798 10.200 9.888
0.03379 5.00e+09 0.1185018420    0.118 -3.062  3.3923  5.095    1  0.000  0.545     0.00     0.00 -1  8.98e-17      0.00 6.550e-01 3.109e-01 6.138e-03 1.656e-03 1.502e-02 -1.000 3.414e-02 12.425 14.270 17.233 12.915 19.899 17.229 10.265 9.714 9.420
0.03379 5.00e+09 0.1199999973    0.120 -3.046  3.3941  5.092    1  0.000  0.545     0.00     0.00 -1  9.28e-17      0.00 6.550e-01 3.109e-01 6.138e-03 1.656e-03 1.502e-02 -1.000 3.414e-02 12.386 14.212 17.151 12.860 19.788 17.143 10.227 9.679 9.385
0.03379 5.00e+09 0.1400000006    0.140 -2.876  3.4117  5.059    1  0.000  0.545     0.00     0.00 -1         0      0.00 6.547e-01 3.112e-01 6.138e-03 1.656e-03 1.502e-02 -1.000 3.414e-02 11.960 13.613 16.289 12.285 18.652 16.258 9.823 9.297 9.006
0.03379 5.00e+09 0.1599999964    0.160 -2.739  3.4250  5.033    1  0.000  0.545     0.00     0.00 -1         0      0.00 6.545e-01 3.114e-01 6.138e-03 1.656e-03 1.502e-02 -1.000 3.414e-02 11.617 13.149 15.617 11.844 17.809 15.582 9.507 8.990 8.702
0.03379 5.00e+09 0.2000000030    0.200 -2.515  3.4468  4.993    1  0.000  0.545     0.00     0.00 -1         0      0.00 6.539e-01 3.119e-01 6.138e-03 1.656e-03 1.502e-02 -1.000 3.414e-02 11.058 12.395 14.533 11.135 16.513 14.497 8.999 8.489 8.209
0.03379 5.00e+09 0.2500000000    0.250 -2.309  3.4635  4.951    1  0.000  0.545     0.00     0.00 -1  4.12e-16      0.00 6.534e-01 3.124e-01 6.138e-03 1.656e-03 1.502e-02 -1.000 3.414e-02 10.543 11.749 13.667 10.526 15.540 13.632 8.529 8.020 7.747
0.03379 5.00e+09 0.2780095637    0.278 -2.212  3.4709  4.929    1  0.000  0.545     0.00     0.00 -1  5.02e-16      0.00 6.533e-01 3.126e-01 6.138e-03 1.656e-03 1.502e-02 -1.000 3.414e-02 10.300 11.451 13.279 10.244 15.108 13.243 8.306 7.796 7.527
0.03379 5.00e+09 0.3000000417    0.300 -2.142  3.4762  4.914    1  0.000  0.545     0.00     0.00 -1  5.77e-16      0.00 6.531e-01 3.127e-01 6.138e-03 1.656e-03 1.502e-02 -1.000 3.414e-02 10.126 11.239 13.007 10.045 14.808 12.971 8.145 7.635 7.370
0.03379 5.00e+09 0.3236031532    0.324 -2.065  3.4813  4.891    1  0.000  0.545     0.00     0.00 -1  6.82e-16      0.00 6.546e-01 3.112e-01 6.138e-03 1.656e-03 1.502e-02 -1.000 3.414e-02 9.933 11.010 12.721 9.828 14.495 12.684 7.966 7.455 7.193
0.03379 5.00e+09 0.3499999940    0.350 -1.984  3.4867  4.865    0  0.000  0.545     0.00     0.00 -1  8.14e-16      0.00 6.558e-01 3.101e-01 6.138e-03 1.656e-03 1.502e-02 -1.000 3.414e-02 9.730 10.770 12.422 9.599 14.169 12.385 7.777 7.265 7.007
0.03379 5.00e+09 0.3797801137    0.380 -1.898  3.4939  4.843    0  0.000  0.545     0.00     0.00 -1  9.77e-16      0.00 6.559e-01 3.100e-01 6.138e-03 1.656e-03 1.502e-02 -1.000 3.414e-02 9.515 10.504 12.086 9.352 13.797 12.047 7.578 7.066 6.812
0.03379 5.00e+09 0.4000000060    0.400 -1.843  3.4986  4.830    0  0.000  0.545     0.00     0.00 -1   1.1e-15      0.00 6.559e-01 3.100e-01 6.138e-03 1.656e-03 1.502e-02 -1.000 3.414e-02 9.378 10.336 11.872 9.194 13.561 11.832 7.453 6.939 6.689
0.03379 5.00e+09 0.4409242868    0.441 -1.725  3.5093  4.796    1  0.000  0.545     0.00     0.00 -1  1.43e-15      0.00 6.559e-01 3.099e-01 6.138e-03 1.656e-03 1.502e-02 -1.000 3.414e-02 9.082 9.970 11.411 8.853 13.053 11.369 7.181 6.662 6.419
0.03379 5.00e+09 0.4500000179    0.450 -1.700  3.5115  4.789    1  0.000  0.545     0.00     0.00 -1  1.51e-15      0.00 6.560e-01 3.099e-01 6.138e-03 1.656e-03 1.502e-02 -1.000 3.414e-02 9.020 9.893 11.315 8.782 12.947 11.272 7.124 6.604 6.363
0.03379 5.00e+09 0.5000000596    0.500 -1.554  3.5256  4.745    1  0.000  0.545     0.00     0.00 -1  2.11e-15      0.00 6.560e-01 3.099e-01 6.138e-03 1.656e-03 1.502e-02 -1.000 3.414e-02 8.655 9.441 10.752 8.363 12.332 10.706 6.790 6.260 6.028
0.03379 5.00e+09 0.5236112475    0.524 -1.480  3.5334  4.722    1  0.000  0.545     0.00     0.00 -1  2.51e-15      0.00 6.614e-01 3.050e-01 6.045e-03 1.631e-03 1.479e-02 -1.000 3.361e-02 8.469 9.207 10.460 8.150 12.017 10.414 6.624 6.087 5.858
0.03379 5.00e+09 0.5500000715    0.550 -1.400  3.5416  4.697    1  0.000  0.545     0.00     0.00 -1  3.02e-15      0.00 6.677e-01 2.993e-01 5.937e-03 1.602e-03 1.453e-02 -1.000 3.301e-02 8.270 8.958 10.149 7.923 11.683 10.102 6.448 5.904 5.675
0.03379 5.00e+09 0.6000000238    0.600 -1.244  3.5626  4.662    1  0.000  0.545     0.00     0.00 -1  4.32e-15      0.00 6.695e-01 2.976e-01 5.908e-03 1.594e-03 1.446e-02 -1.000 3.288e-02 7.879 8.457 9.525 7.471 11.021 9.475 6.109 5.542 5.322
0.03379 5.00e+09 0.6499999762    0.650 -1.082  3.5893  4.642    1  0.000  0.545     0.00     0.00 -1  6.16e-15      0.00 6.711e-01 2.962e-01 5.882e-03 1.587e-03 1.440e-02 -1.000 3.273e-02 7.475 7.999 8.990 7.048 10.271 8.960 5.721 5.098 4.942
0.03379 5.00e+09 0.7000000477    0.700 -0.924  3.6174  4.628    1  0.000  0.545     0.00     0.00 -1  8.68e-15      0.00 6.726e-01 2.948e-01 5.858e-03 1.581e-03 1.434e-02 -1.000 3.260e-02 7.079 7.414 8.181 6.577 9.423 8.142 5.447 4.758 4.644
0.03379 5.00e+09 0.7409847379    0.741 -0.787  3.6470  4.635    1  0.000  0.539     0.00     0.00 -1  1.15e-14      0.00 6.735e-01 2.940e-01 5.781e-03 1.576e-03 1.431e-02 -1.000 3.254e-02 6.739 6.917 7.557 6.167 8.742 7.496 5.196 4.561 4.465
0.03379 5.00e+09 0.7500000000    0.750 -0.758  3.6533  4.637    1  0.000  0.537     0.00     0.00 -1  1.21e-14      0.00 6.736e-01 2.938e-01 5.765e-03 1.575e-03 1.431e-02 -1.000 3.254e-02 6.666 6.813 7.429 6.080 8.596 7.364 5.141 4.523 4.431
0.03379 5.00e+09 0.7575389147    0.758 -0.738  3.6562  4.632    1  0.000  0.537     0.00     0.00 -1  1.27e-14      0.00 6.740e-01 2.935e-01 5.759e-03 1.573e-03 1.430e-02 -1.000 3.250e-02 6.614 6.749 7.355 6.024 8.511 7.288 5.098 4.489 4.398
0.03379 5.00e+09 0.7995600700    0.800 -0.625  3.6720  4.605    1  0.000  0.537     0.00     0.00 -1  1.66e-14      0.00 6.759e-01 2.918e-01 5.729e-03 1.565e-03 1.422e-02 -1.000 3.230e-02 6.331 6.404 6.959 5.717 8.049 6.879 4.861 4.305 4.222
0.03379 5.00e+09 0.8180510998    0.818 -0.574  3.6792  4.594    1  0.000  0.537     0.00     0.00 -1  1.86e-14      0.00 6.768e-01 2.909e-01 5.714e-03 1.561e-03 1.418e-02 -1.000 3.223e-02 6.206 6.252 6.784 5.583 7.844 6.699 4.757 4.225 4.146
0.03379 5.00e+09 0.8491201401    0.849 -0.492  3.6910  4.575    1  0.000  0.537     0.00     0.00 -1  2.26e-14      0.00 6.784e-01 2.895e-01 5.690e-03 1.554e-03 1.412e-02 -1.000 3.212e-02 5.999 6.007 6.504 5.365 7.511 6.411 4.588 4.095 4.022
0.03379 5.00e+09 0.8622056246    0.862 -0.457  3.6959  4.566    1  0.000  0.537     0.00     0.00 -1  2.46e-14      0.00 6.791e-01 2.888e-01 5.678e-03 1.551e-03 1.410e-02 -1.000 3.205e-02 5.912 5.905 6.388 5.275 7.373 6.293 4.516 4.039 3.968
0.03379 5.00e+09 0.8986802101    0.898 -0.361  3.7090  4.540    1  0.000  0.537     0.00     0.00 -1  3.09e-14      0.00 6.812e-01 2.870e-01 5.645e-03 1.542e-03 1.402e-02 -1.000 3.187e-02 5.672 5.632 6.081 5.031 7.005 5.983 4.322 3.885 3.821
0.03379 5.00e+09 0.9119928479    0.911 -0.326  3.7135  4.530    1  0.000  0.537     0.00     0.00 -1  3.37e-14      0.00 6.821e-01 2.861e-01 5.631e-03 1.538e-03 1.398e-02 -1.000 3.178e-02 5.585 5.534 5.973 4.943 6.875 5.874 4.251 3.827 3.765
0.03379 5.00e+09 0.9357205033    0.935 -0.264  3.7214  4.511    1  0.000  0.537     0.00     0.00 -1  3.92e-14      0.00 6.837e-01 2.847e-01 5.605e-03 1.531e-03 1.392e-02 -1.000 3.163e-02 5.431 5.363 5.782 4.789 6.647 5.683 4.126 3.724 3.666
0.03379 5.00e+09 0.9482402802    0.948 -0.232  3.7254  4.500    1  0.000  0.537     0.00     0.00 -1  4.25e-14      0.00 6.845e-01 2.839e-01 5.591e-03 1.528e-03 1.389e-02 -1.000 3.157e-02 5.350 5.274 5.683 4.709 6.529 5.585 4.060 3.670 3.613
0.03379 5.00e+09 0.9564970732    0.956 -0.210  3.7279  4.493    1  0.000  0.537     0.00     0.00 -1  4.49e-14      0.00 6.852e-01 2.833e-01 5.580e-03 1.525e-03 1.386e-02 -1.000 3.152e-02 5.296 5.216 5.620 4.656 6.453 5.522 4.016 3.633 3.577
0.03379 5.00e+09 0.9757889509    0.976 -0.161  3.7336  4.474    1  0.000  0.537     0.00     0.00 -1  5.09e-14      0.00 6.868e-01 2.818e-01 5.554e-03 1.518e-03 1.380e-02 -1.000 3.137e-02 5.171 5.082 5.472 4.534 6.276 5.376 3.914 3.546 3.493
0.03379 5.00e+09 0.9938046336    0.994 -0.114  3.7387  4.456    1  0.000  0.537     0.00     0.00 -1  5.72e-14      0.00 6.884e-01 2.804e-01 5.530e-03 1.511e-03 1.374e-02 -1.000 3.123e-02 5.056 4.958 5.336 4.421 6.115 5.242 3.819 3.464 3.413
0.03379 5.00e+09 0.9978003502    0.998 -0.104  3.7398  4.452    1  0.000  0.537     0.00     0.00 -1  5.87e-14      0.00 6.887e-01 2.801e-01 5.524e-03 1.510e-03 1.373e-02 -1.000 3.120e-02 5.030 4.931 5.307 4.396 6.080 5.213 3.798 3.446 3.396
0.03379 5.00e+09 1.0102045536    1.010 -0.072  3.7430  4.439    1  0.000  0.537     0.00     0.00 -1  6.27e-14      0.00 6.900e-01 2.789e-01 5.504e-03 1.505e-03 1.368e-02 -1.000 3.108e-02 4.951 4.848 5.216 4.319 5.973 5.124 3.732 3.388 3.339
0.03379 5.00e+09 1.0254666805    1.025 -0.033  3.7469  4.422    1  0.000  0.536     0.00     0.00 -1  6.79e-14      0.00 6.916e-01 2.774e-01 5.478e-03 1.498e-03 1.362e-02 -1.000 3.097e-02 4.853 4.746 5.106 4.225 5.842 5.015 3.651 3.316 3.269
0.03379 5.00e+09 1.0404162407    1.040  0.005  3.7504  4.404    1  0.000  0.536     0.00     0.00 -1  7.35e-14      0.00 6.932e-01 2.759e-01 5.453e-03 1.491e-03 1.355e-02 -1.000 3.084e-02 4.759 4.647 4.999 4.134 5.717 4.910 3.571 3.245 3.199
0.03379 5.00e+09 1.0473603010    1.047  0.022  3.7520  4.396    1  0.000  0.536     0.00     0.00 -1  7.63e-14      0.00 6.940e-01 2.753e-01 5.441e-03 1.487e-03 1.353e-02 -1.000 3.077e-02 4.715 4.601 4.950 4.092 5.660 4.861 3.534 3.212 3.167
0.03379 5.00e+09 1.0611730814    1.061  0.057  3.7549  4.378    1  0.000  0.536     0.00     0.00 -1  8.19e-14      0.00 6.959e-01 2.735e-01 5.411e-03 1.479e-03 1.345e-02 -1.000 3.058e-02 4.628 4.512 4.854 4.009 5.549 4.767 3.460 3.145 3.101
0.03379 5.00e+09 1.0765846968    1.076  0.095  3.7578  4.358    1  0.000  0.536     0.00     0.00 -1  8.86e-14      0.00 6.980e-01 2.716e-01 5.378e-03 1.471e-03 1.337e-02 -1.000 3.039e-02 4.533 4.413 4.750 3.917 5.430 4.664 3.378 3.070 3.026
0.03379 5.00e+09 1.0913146734    1.090  0.130  3.7602  4.339    1  0.000  0.536     0.00     0.00 -1  9.54e-14      0.00 7.000e-01 2.698e-01 5.347e-03 1.462e-03 1.330e-02 -1.000 3.024e-02 4.445 4.323 4.654 3.832 5.322 4.570 3.301 2.998 2.955
0.03379 5.00e+09 1.0969204903    1.096  0.143  3.7610  4.331    1  0.000  0.536     0.00     0.00 -1   9.8e-14      0.00 7.007e-01 2.691e-01 5.336e-03 1.459e-03 1.327e-02 -1.000 3.018e-02 4.412 4.289 4.618 3.800 5.282 4.535 3.272 2.971 2.929
0.03379 5.00e+09 1.1074670553    1.107  0.167  3.7623  4.316    1  0.000  0.536     0.00     0.00 -1  1.03e-13      0.00 7.024e-01 2.675e-01 5.310e-03 1.453e-03 1.321e-02 -1.000 3.004e-02 4.352 4.228 4.554 3.742 5.211 4.472 3.217 2.919 2.878
0.03379 5.00e+09 1.1220526695    1.121  0.200  3.7638  4.295    1  0.000  0.536     0.00     0.00 -1   1.1e-13      0.00 7.046e-01 2.656e-01 5.278e-03 1.444e-03 1.313e-02 -1.000 2.986e-02 4.270 4.144 4.467 3.661 5.116 4.385 3.141 2.847 2.806
0.03379 5.00e+09 1.1343218088    1.133  0.229  3.7649  4.275    1  0.000  0.536     0.00     0.00 -1  1.17e-13      0.00 7.060e-01 2.642e-01 5.258e-03 1.439e-03 1.308e-02 -1.000 2.975e-02 4.198 4.071 4.392 3.591 5.035 4.311 3.074 2.783 2.742
0.03379 5.00e+09 1.1447898149    1.144  0.253  3.7658  4.258    1  0.000  0.536     0.00     0.00 -1  1.24e-13      0.00 7.065e-01 2.638e-01 5.251e-03 1.437e-03 1.307e-02 -1.000 2.971e-02 4.137 4.009 4.328 3.531 4.967 4.247 3.017 2.728 2.687
0.03379 5.00e+09 1.1464805603    1.146  0.257  3.7659  4.255    1  0.000  0.536     0.00     0.00 -1  1.25e-13      0.00 7.066e-01 2.637e-01 5.251e-03 1.437e-03 1.307e-02 -1.000 2.971e-02 4.127 3.999 4.317 3.521 4.956 4.237 3.008 2.719 2.678
0.03379 5.00e+09 1.1678880453    1.167  0.292  3.7645  4.223    1  0.000  0.535     0.00     0.00 -1  1.34e-13      0.00 7.063e-01 2.638e-01 5.264e-03 1.438e-03 1.312e-02 -1.000 2.982e-02 4.040 3.913 4.235 3.433 4.880 4.154 2.915 2.623 2.582
0.03379 5.00e+09 1.1805391312    1.180  0.312  3.7635  4.204    1  0.000  0.535     0.00     0.00 -1  1.39e-13      0.00 7.063e-01 2.639e-01 5.271e-03 1.439e-03 1.315e-02 -1.000 2.987e-02 3.991 3.865 4.189 3.382 4.838 4.107 2.861 2.567 2.525
0.03379 5.00e+09 1.1895762682    1.189  0.337  3.7644  4.186    1  0.000  0.534     0.00     0.00 -1  1.47e-13      0.00 7.063e-01 2.638e-01 5.275e-03 1.439e-03 1.316e-02 -1.000 2.991e-02 3.927 3.800 4.122 3.319 4.766 4.040 2.802 2.510 2.468
0.03379 5.00e+09 1.1947137117    1.194  0.359  3.7662  4.172    1  0.000  0.534     0.00     0.00 -1  1.55e-13      0.00 7.065e-01 2.636e-01 5.274e-03 1.438e-03 1.316e-02 -1.000 2.993e-02 3.871 3.743 4.061 3.266 4.696 3.980 2.754 2.466 2.425
0.03379 5.00e+09 1.1960406303    1.195  0.367  3.7669  4.168    1  0.000  0.534     0.00     0.00 -1  1.58e-13      0.00 7.066e-01 2.635e-01 5.273e-03 1.438e-03 1.316e-02 -1.000 2.993e-02 3.852 3.723 4.039 3.248 4.671 3.959 2.738 2.452 2.411
0.03379 5.00e+09 1.2135205269    1.213  0.407  3.7662  4.132    1  0.000  0.534     0.00     0.00 -1  1.73e-13      0.00 7.051e-01 2.648e-01 5.299e-03 1.445e-03 1.323e-02 -1.000 3.010e-02 3.753 3.624 3.942 3.147 4.576 3.861 2.635 2.348 2.307
0.03379 5.00e+09 1.2240823507    1.223  0.455  3.7688  4.098    1  0.000  0.534     0.00     0.00 -1  1.95e-13      0.00 7.041e-01 2.657e-01 5.317e-03 1.450e-03 1.328e-02 -1.000 3.020e-02 3.633 3.502 3.814 3.031 4.435 3.735 2.527 2.245 2.205
0.03379 5.00e+09 1.2277859449    1.227  0.489  3.7712  4.075    1  0.000  0.534     0.00     0.00 -1  2.15e-13      0.00 7.038e-01 2.660e-01 5.323e-03 1.452e-03 1.330e-02 -1.000 3.023e-02 3.548 3.415 3.722 2.949 4.331 3.644 2.453 2.177 2.137
0.03379 5.00e+09 1.2288849354    1.228  0.501  3.7720  4.067    1  0.000  0.534     0.00     0.00 -1  2.23e-13      0.00 7.037e-01 2.661e-01 5.325e-03 1.452e-03 1.330e-02 -1.000 3.024e-02 3.518 3.385 3.690 2.921 4.295 3.613 2.427 2.153 2.114
0.03379 5.00e+09 1.2456007004    1.245  0.543  3.7677  4.013    2  0.000  0.534     0.00     0.00 -1  2.51e-13      0.00 7.021e-01 2.675e-01 5.352e-03 1.460e-03 1.338e-02 -1.000 3.040e-02 3.413 3.282 3.597 2.810 4.222 3.517 2.303 2.020 1.979
0.03379 5.00e+09 1.2462871075    1.246  0.544  3.7667  4.008    2  0.000  0.534     0.00     0.00 -1  2.53e-13      0.00 7.021e-01 2.675e-01 5.353e-03 1.460e-03 1.338e-02 -1.000 3.040e-02 3.409 3.279 3.595 2.804 4.225 3.515 2.293 2.008 1.967
0.03379 5.00e+09 1.2538388968    1.253  0.567  3.7609  3.965    2  0.000  0.534     0.00     0.00 -1  2.74e-13      0.00 7.012e-01 2.683e-01 5.368e-03 1.463e-03 1.342e-02 -1.000 3.049e-02 3.352 3.228 3.557 2.740 4.215 3.473 2.211 1.913 1.870
0.03379 5.00e+09 1.2607811689    1.260  0.581  3.7549  3.930    2  0.000  0.534     0.00     0.00 -1  2.89e-13      0.00 6.991e-01 2.703e-01 5.400e-03 1.470e-03 1.350e-02 -1.000 3.067e-02 3.318 3.200 3.542 2.698 4.230 3.454 2.150 1.839 1.793
0.03379 5.00e+09 1.2672559023    1.267  0.579  3.7457  3.896    2  0.000  0.534     0.00     0.00 -1  2.95e-13      0.00 6.914e-01 2.773e-01 5.515e-03 1.500e-03 1.378e-02 -1.000 3.129e-02 3.323 3.215 3.577 2.693 4.314 3.484 2.115 1.782 1.732
0.03379 5.00e+09 1.2730910778    1.273  0.555  3.7317  3.867    2  0.000  0.534     0.00     0.00 -1  2.85e-13      0.00 6.803e-01 2.875e-01 5.682e-03 1.544e-03 1.418e-02 -1.000 3.218e-02 3.384 3.296 3.690 2.745 4.502 3.590 2.118 1.750 1.694
0.03379 5.00e+09 1.2780501842    1.277  0.524  3.7156  3.835    2  0.000  0.535     0.00     0.00 -1  2.71e-13      0.00 6.715e-01 2.956e-01 5.818e-03 1.579e-03 1.451e-02 -1.000 3.291e-02 3.461 3.404 3.835 2.819 4.733 3.731 2.134 1.723 1.659
0.03379 5.00e+09 1.2804878950    1.280  0.514  3.7073  3.812    2  0.000  0.535     0.00     0.00 -1   2.7e-13      0.00 6.680e-01 2.988e-01 5.868e-03 1.591e-03 1.463e-02 -1.000 3.317e-02 3.485 3.446 3.898 2.844 4.840 3.792 2.127 1.693 1.625
0.03379 5.00e+09 1.2819914818    1.281  0.515  3.7027  3.793    2  0.000  0.535     0.00     0.00 -1  2.75e-13      0.00 6.662e-01 3.005e-01 5.891e-03 1.598e-03 1.469e-02 -1.000 3.331e-02 3.482 3.455 3.918 2.843 4.883 3.811 2.109 1.661 1.590
0.03379 5.00e+09 1.2832843065    1.283  0.521  3.6993  3.774    2  0.000  0.534     0.00     0.00 -1  2.84e-13      0.00 6.647e-01 3.019e-01 5.906e-03 1.603e-03 1.474e-02 -1.000 3.341e-02 3.467 3.448 3.919 2.828 4.903 3.812 2.082 1.624 1.551
0.03379 5.00e+09 1.2845371962    1.284  0.532  3.6965  3.753    2  0.000  0.534     0.00     0.00 -1  2.96e-13      0.00 6.634e-01 3.031e-01 5.917e-03 1.607e-03 1.477e-02 -1.000 3.349e-02 3.441 3.429 3.908 2.804 4.907 3.801 2.046 1.580 1.506
0.03379 5.00e+09 1.2859714031    1.285  0.545  3.6934  3.728    2  0.000  0.534     0.00     0.00 -1  3.13e-13      0.00 6.618e-01 3.046e-01 5.928e-03 1.611e-03 1.481e-02 -1.000 3.359e-02 3.407 3.405 3.891 2.773 4.905 3.785 2.002 1.527 1.451
0.03379 5.00e+09 1.2863420248    1.286  0.549  3.6927  3.721    2  0.000  0.534     0.00     0.00 -1  3.18e-13      0.00 6.614e-01 3.050e-01 5.931e-03 1.612e-03 1.482e-02 -1.000 3.362e-02 3.398 3.398 3.886 2.764 4.904 3.779 1.991 1.513 1.437
0.03379 5.00e+09 1.2887120247    1.288  0.587  3.6899  3.673    3  0.000  0.523     0.00     0.00 -1  3.64e-13      0.00 6.587e-01 3.076e-01 5.821e-03 1.704e-03 1.486e-02 -1.000 3.370e-02 3.303 3.311 3.806 2.672 4.839 3.700 1.887 1.401 1.323
0.03379 5.00e+09 1.2914175987    1.291  0.635  3.6873  3.616    3  0.000  0.497     0.00     0.00 -1  4.29e-13      0.00 6.553e-01 3.109e-01 5.548e-03 1.983e-03 1.489e-02 -1.000 3.382e-02 3.183 3.199 3.701 2.554 4.747 3.595 1.759 1.266 1.186
0.03379 5.00e+09 1.2939810753    1.293  0.685  3.6855  3.559    3  0.000  0.464     0.00     0.00 -1  5.11e-13      0.00 6.518e-01 3.143e-01 5.188e-03 2.419e-03 1.492e-02 -1.000 3.391e-02 3.057 3.079 3.586 2.430 4.642 3.479 1.627 1.129 1.048
0.03379 5.00e+09 1.2951606512    1.295  0.709  3.6846  3.531    3  0.000  0.451     0.00     0.00 -1  5.56e-13      0.00 6.503e-01 3.158e-01 5.046e-03 2.598e-03 1.493e-02 -1.000 3.399e-02 2.996 3.020 3.529 2.370 4.591 3.422 1.564 1.064 0.981
0.03379 5.00e+09 1.2953572273    1.295  0.714  3.6845  3.527    3  0.000  0.448     0.00     0.00 -1  5.64e-13      0.00 6.500e-01 3.160e-01 5.022e-03 2.628e-03 1.494e-02 -1.000 3.400e-02 2.986 3.010 3.520 2.360 4.582 3.412 1.553 1.052 0.970
0.03379 5.00e+09 1.2976127863    1.297  0.767  3.6828  3.468    3  0.000  0.431     0.00     0.00 -1  6.79e-13      0.00 6.473e-01 3.186e-01 4.835e-03 2.866e-03 1.495e-02 -1.000 3.406e-02 2.853 2.882 3.396 2.229 4.469 3.289 1.414 0.910 0.826
0.03379 5.00e+09 1.2992471457    1.299  0.809  3.6815  3.420    3  0.000  0.423     0.00     0.00 -1  7.85e-13      0.00 6.457e-01 3.202e-01 4.742e-03 2.986e-03 1.496e-02 -1.000 3.412e-02 2.748 2.781 3.299 2.124 4.380 3.191 1.304 0.797 0.711
0.03379 5.00e+09 1.3011882305    1.301  0.864  3.6797  3.359    3  0.000  0.415     0.00     0.00 -1  9.52e-13      0.00 6.442e-01 3.217e-01 4.662e-03 3.088e-03 1.497e-02 -1.000 3.409e-02 2.609 2.649 3.172 1.989 4.264 3.065 1.161 0.649 0.561
0.03379 5.00e+09 1.3028590679    1.302  0.917  3.6778  3.299    3  0.000  0.411     0.00     0.00 -1  1.15e-12      0.00 6.433e-01 3.226e-01 4.616e-03 3.148e-03 1.497e-02 -1.000 3.414e-02 2.477 2.524 3.052 1.859 4.156 2.945 1.023 0.506 0.417
0.03379 5.00e+09 1.3043509722    1.304  0.969  3.6758  3.239    3  0.000  0.409     0.00     0.00 -1  1.38e-12      0.00 6.427e-01 3.232e-01 4.588e-03 3.185e-03 1.497e-02 -1.000 3.417e-02 2.346 2.400 2.934 1.731 4.049 2.826 0.886 0.365 0.273
0.03379 5.00e+09 1.3056596518    1.305  1.020  3.6738  3.181    3  0.000  0.407     0.00     0.00 -1  1.65e-12      0.00 6.423e-01 3.235e-01 4.571e-03 3.206e-03 1.497e-02 -1.000 3.416e-02 2.220 2.281 2.820 1.607 3.948 2.713 0.754 0.228 0.134
0.03379 5.00e+09 1.3068385124    1.306  1.070  3.6718  3.123    3  0.000  0.406     0.00     0.00 -1  1.97e-12      0.00 6.422e-01 3.237e-01 4.562e-03 3.219e-03 1.497e-02 -1.000 3.415e-02 2.094 2.162 2.708 1.484 3.848 2.600 0.622 0.090 -0.006
0.03379 5.00e+09 1.3078622818    1.307  1.119  3.6697  3.066    3  0.000  0.406     0.00     0.00 -1  2.35e-12      0.00 6.421e-01 3.238e-01 4.557e-03 3.227e-03 1.497e-02 -1.000 3.416e-02 1.973 2.049 2.600 1.366 3.753 2.492 0.495 -0.042 -0.140
0.03379 5.00e+09 1.3087904453    1.308  1.167  3.6675  3.010    3  0.000  0.406     0.00     0.00 -1  2.79e-12      0.00 6.420e-01 3.238e-01 4.554e-03 3.231e-03 1.497e-02 -1.000 3.418e-02 1.853 1.937 2.494 1.249 3.661 2.387 0.369 -0.173 -0.274
0.03379 5.00e+09 1.3096060753    1.309  1.213  3.6654  2.956    3  0.000  0.405     0.00     0.00 -1  3.29e-12      0.00 6.420e-01 3.238e-01 4.552e-03 3.233e-03 1.497e-02 -1.000 3.418e-02 1.738 1.831 2.395 1.138 3.574 2.287 0.248 -0.299 -0.403
0.03379 5.00e+09 1.3103330135    1.310  1.257  3.6632  2.903    3  0.000  0.405     0.00     0.00 -1  3.87e-12      0.00 6.421e-01 3.238e-01 4.550e-03 3.236e-03 1.497e-02 -1.000 3.418e-02 1.627 1.728 2.298 1.030 3.492 2.191 0.130 -0.422 -0.529
0.03379 5.00e+09 1.3110073805    1.310  1.302  3.6610  2.849    3  0.000  0.405     0.00     0.00 -1  4.55e-12      0.00 6.421e-01 3.238e-01 4.549e-03 3.238e-03 1.497e-02 -1.000 3.418e-02 1.515 1.625 2.202 0.922 3.410 2.095 0.012 -0.546 -0.656
0.03379 5.00e+09 1.3116124868    1.311  1.345  3.6588  2.798    3  0.000  0.405     0.00     0.00 -1  5.32e-12      0.00 6.421e-01 3.238e-01 4.548e-03 3.240e-03 1.497e-02 -1.000 3.418e-02 1.408 1.527 2.111 0.819 3.333 2.004 -0.101 -0.664 -0.777
0.03379 5.00e+09 1.3121845722    1.311  1.386  3.6566  2.748    3  0.000  0.405     0.00     0.00 -1  6.18e-12      0.00 6.421e-01 3.238e-01 4.546e-03 3.242e-03 1.497e-02 -1.000 3.418e-02 1.305 1.433 2.024 0.720 3.260 1.917 -0.210 -0.778 -0.894
0.03379 5.00e+09 1.3127653599    1.312  1.422  3.6548  2.705    3  0.000  0.405     0.00     0.00 -1  7.05e-12      0.00 6.421e-01 3.238e-01 4.545e-03 3.244e-03 1.497e-02 -1.000 3.418e-02 1.215 1.351 1.947 0.633 3.195 1.841 -0.305 -0.878 -0.996
0.03379 5.00e+09 1.3132730722    1.312  1.443  3.6537  2.680    3  0.000  0.405     0.00     0.00 -1  7.64e-12      0.00 6.421e-01 3.238e-01 4.544e-03 3.245e-03 1.496e-02 -1.000 3.418e-02 1.162 1.303 1.902 0.583 3.158 1.796 -0.361 -0.936 -1.056
0.03379 5.00e+09 1.3138281107    1.313  1.412  3.6558  2.719    3  0.000  0.405     0.00     0.00 -1  6.89e-12      0.00 6.421e-01 3.237e-01 4.543e-03 3.247e-03 1.496e-02 -1.000 3.418e-02 1.239 1.371 1.964 0.655 3.207 1.857 -0.278 -0.849 -0.966
0.03379 5.00e+09 1.3140133619    1.313  1.398  3.6567  2.737    3  0.000  0.405     0.00     0.00 -1  6.51e-12      0.00 6.421e-01 3.237e-01 4.543e-03 3.247e-03 1.496e-02 -1.000 3.418e-02 1.274 1.402 1.992 0.689 3.229 1.886 -0.241 -0.809 -0.924
0.03379 5.00e+09 1.3143378496    1.313  1.430  3.6549  2.698    3  0.000  0.405     0.00     0.00 -1  7.24e-12      0.00 6.421e-01 3.237e-01 4.542e-03 3.249e-03 1.496e-02 -1.000 3.418e-02 1.195 1.330 1.926 0.613 3.175 1.820 -0.324 -0.897 -1.015
0.03379 5.00e+09 1.3148381710    1.314  1.477  3.6522  2.640    3  0.000  0.405     0.00     0.00 -1  8.59e-12      0.00 6.421e-01 3.237e-01 4.541e-03 3.250e-03 1.496e-02 -1.000 3.418e-02 1.076 1.224 1.829 0.500 3.094 1.723 -0.450 -1.029 -1.151
0.03379 5.00e+09 1.3153136969    1.314  1.525  3.6495  2.582    3  0.000  0.404     0.00     0.00 -1  1.02e-11      0.00 6.421e-01 3.237e-01 4.540e-03 3.252e-03 1.496e-02 -1.000 3.418e-02 0.958 1.119 1.733 0.388 3.016 1.628 -0.575 -1.161 -1.287
0.03379 5.00e+09 1.3157410622    1.315  1.571  3.6468  2.525    3  0.000  0.404     0.00     0.00 -1  1.21e-11      0.00 6.421e-01 3.237e-01 4.539e-03 3.253e-03 1.496e-02 -1.000 3.418e-02 0.843 1.017 1.640 0.280 2.941 1.536 -0.697 -1.289 -1.419
0.03379 5.00e+09 1.3161427975    1.315  1.618  3.6440  2.467    3  0.000  0.404     0.00     0.00 -1  1.44e-11      0.00 6.421e-01 3.237e-01 4.538e-03 3.254e-03 1.496e-02 -1.000 3.418e-02 0.726 0.914 1.547 0.169 2.867 1.444 -0.821 -1.420 -1.554
0.03379 5.00e+09 1.3164999485    1.315  1.663  3.6412  2.411    3  0.000  0.404     0.00     0.00 -1  1.71e-11      0.00 6.421e-01 3.237e-01 4.537e-03 3.255e-03 1.496e-02 -1.000 3.418e-02 0.612 0.814 1.457 0.063 2.796 1.355 -0.941 -1.547 -1.686
0.03379 5.00e+09 1.3168337345    1.315  1.709  3.6383  2.353    3  0.000  0.404     0.00     0.00 -1  2.03e-11      0.00 6.421e-01 3.237e-01 4.537e-03 3.256e-03 1.496e-02 -1.000 3.418e-02 0.497 0.713 1.367 -0.045 2.727 1.267 -1.064 -1.676 -1.820
0.03379 5.00e+09 1.3171390295    1.316  1.755  3.6354  2.296    3  0.000  0.404     0.00     0.00 -1   2.4e-11      0.00 6.421e-01 3.237e-01 4.536e-03 3.257e-03 1.496e-02 -1.000 3.418e-02 0.383 0.615 1.279 -0.152 2.659 1.181 -1.186 -1.804 -1.953
0.03379 5.00e+09 1.3174122572    1.316  1.799  3.6326  2.240    3  0.000  0.404     0.00     0.00 -1  2.84e-11      0.00 6.421e-01 3.237e-01 4.535e-03 3.258e-03 1.496e-02 -1.000 3.418e-02 0.271 0.519 1.195 -0.255 2.594 1.098 -1.304 -1.928 -2.082
0.03379 5.00e+09 1.3176652193    1.316  1.844  3.6296  2.183    3  0.000  0.404     0.00     0.00 -1  3.36e-11      0.00 6.421e-01 3.237e-01 4.535e-03 3.259e-03 1.496e-02 -1.000 3.418e-02 0.159 0.423 1.111 -0.359 2.531 1.014 -1.423 -2.054 -2.214
0.03379 5.00e+09 1.3178963661    1.316  1.889  3.6266  2.127    3  0.000  0.404     0.00     0.00 -1  3.97e-11      0.00 6.421e-01 3.237e-01 4.534e-03 3.260e-03 1.496e-02 -1.000 3.418e-02 0.048 0.327 1.027 -0.462 2.468 0.932 -1.542 -2.180 -2.344
0.03379 5.00e+09 1.3181062937    1.316  1.933  3.6236  2.071    3  0.000  0.404     0.00     0.00 -1  4.68e-11      0.00 6.421e-01 3.237e-01 4.534e-03 3.260e-03 1.496e-02 -1.000 3.418e-02 -0.062 0.235 0.948 -0.562 2.409 0.855 -1.660 -2.304 -2.474
0.03379 5.00e+09 1.3183013201    1.316  1.977  3.6205  2.014    3  0.000  0.404     0.00     0.00 -1  5.54e-11      0.00 6.421e-01 3.237e-01 4.534e-03 3.261e-03 1.496e-02 -1.000 3.418e-02 -0.173 0.143 0.870 -0.663 2.350 0.778 -1.778 -2.430 -2.605
0.03379 5.00e+09 1.3184759617    1.316  2.021  3.6175  1.959    3  0.000  0.404     0.00     0.00 -1  6.52e-11      0.00 6.421e-01 3.237e-01 4.533e-03 3.262e-03 1.496e-02 -1.000 3.418e-02 -0.281 0.054 0.795 -0.761 2.295 0.705 -1.894 -2.552 -2.733
0.03379 5.00e+09 1.3186370134    1.316  2.064  3.6143  1.903    3  0.000  0.404     0.00     0.00 -1  7.69e-11      0.00 6.421e-01 3.237e-01 4.533e-03 3.262e-03 1.496e-02 -1.000 3.418e-02 -0.390 -0.035 0.721 -0.859 2.242 0.633 -2.010 -2.675 -2.861
0.03379 5.00e+09 1.3187859058    1.316  2.107  3.6112  1.847    3  0.000  0.404     0.00     0.00 -1  9.06e-11      0.00 6.421e-01 3.237e-01 4.533e-03 3.263e-03 1.496e-02 -1.000 3.418e-02 -0.498 -0.122 0.648 -0.956 2.190 0.563 -2.126 -2.798 -2.990
0.03379 5.00e+09 1.3189201355    1.316  2.149  3.6080  1.792    3  0.000  0.404     0.00     0.00 -1  1.06e-10      0.00 6.421e-01 3.237e-01 4.532e-03 3.263e-03 1.496e-02 -1.000 3.418e-02 -0.603 -0.204 0.585 -1.048 2.141 0.501 -2.240 -2.920 -3.117
0.03379 5.00e+09 1.3190451860    1.316  2.192  3.6048  1.737    3  0.000  0.404     0.00     0.00 -1  1.25e-10      0.00 6.421e-01 3.237e-01 4.532e-03 3.263e-03 1.496e-02 -1.000 3.418e-02 -0.710 -0.286 0.522 -1.141 2.094 0.440 -2.355 -3.042 -3.244
0.03379 5.00e+09 1.3191615343    1.316  2.235  3.6016  1.681    3  0.000  0.404     0.00     0.00 -1  1.47e-10      0.00 6.421e-01 3.237e-01 4.532e-03 3.264e-03 1.496e-02 -1.000 3.418e-02 -0.817 -0.368 0.458 -1.234 2.046 0.377 -2.470 -3.165 -3.373
0.03379 5.00e+09 1.3192644119    1.316  2.275  3.5983  1.627    3  0.000  0.404     0.00     0.00 -1  1.72e-10      0.00 6.421e-01 3.237e-01 4.532e-03 3.264e-03 1.496e-02 -1.000 3.418e-02 -0.918 -0.446 0.399 -1.322 2.004 0.320 -2.580 -3.283 -3.496
0.03379 5.00e+09 1.3193627596    1.316  2.317  3.5950  1.572    3  0.000  0.404     0.00     0.00 -1  2.02e-10      0.00 6.421e-01 3.237e-01 4.531e-03 3.264e-03 1.496e-02 -1.000 3.418e-02 -1.024 -0.521 0.349 -1.410 1.963 0.272 -2.695 -3.405 -3.624
0.03379 5.00e+09 1.3194524050    1.316  2.359  3.5917  1.517    3  0.000  0.404     0.00     0.00 -1  2.37e-10      0.00 6.421e-01 3.237e-01 4.531e-03 3.265e-03 1.496e-02 -1.000 3.418e-02 -1.127 -0.593 0.302 -1.495 1.924 0.227 -2.807 -3.525 -3.749
0.03379 5.00e+09 1.3195333481    1.315  2.399  3.5883  1.464    3  0.000  0.404     0.00     0.00 -1  2.76e-10      0.00 6.421e-01 3.237e-01 4.531e-03 3.265e-03 1.496e-02 -1.000 3.418e-02 -1.226 -0.662 0.259 -1.577 1.890 0.186 -2.916 -3.642 -3.871
0.03379 5.00e+09 1.3196092844    1.315  2.439  3.5849  1.410    3  0.000  0.404     0.00     0.00 -1  3.23e-10      0.00 6.421e-01 3.237e-01 4.531e-03 3.265e-03 1.496e-02 -1.000 3.418e-02 -1.327 -0.731 0.217 -1.660 1.858 0.145 -3.027 -3.760 -3.995
0.03379 5.00e+09 1.3196802139    1.315  2.479  3.5815  1.356    3  0.000  0.404     0.00     0.00 -1  3.77e-10      0.00 6.421e-01 3.237e-01 4.531e-03 3.265e-03 1.496e-02 -1.000 3.418e-02 -1.428 -0.794 0.189 -1.738 1.831 0.119 -3.138 -3.879 -4.119
0.03379 5.00e+09 1.3197438717    1.315  2.518  3.5780  1.303    3  0.000  0.404     0.00     0.00 -1  4.39e-10      0.00 6.421e-01 3.237e-01 4.531e-03 3.266e-03 1.496e-02 -1.000 3.418e-02 -1.526 -0.851 0.169 -1.812 1.810 0.101 -3.246 -3.994 -4.240
0.03379 5.00e+09 1.3198033571    1.314  2.557  3.5745  1.249    3  0.000  0.404     0.00     0.00 -1  5.11e-10      0.00 6.421e-01 3.237e-01 4.530e-03 3.266e-03 1.496e-02 -1.000 3.418e-02 -1.623 -0.907 0.152 -1.885 1.790 0.084 -3.355 -4.109 -4.361
0.03379 5.00e+09 1.3198581934    1.314  2.596  3.5710  1.197    3  0.000  0.404     0.00     0.00 -1  5.94e-10      0.00 6.421e-01 3.237e-01 4.530e-03 3.266e-03 1.496e-02 -1.000 3.418e-02 -1.720 -0.963 0.134 -1.957 1.771 0.067 -3.461 -4.224 -4.481
0.03379 5.00e+09 1.3199098110    1.314  2.635  3.5674  1.143    3  0.000  0.404     0.00     0.00 -1  6.92e-10      0.00 6.421e-01 3.237e-01 4.530e-03 3.266e-03 1.496e-02 -1.000 3.418e-02 -1.817 -1.010 0.139 -2.023 1.763 0.073 -3.570 -4.339 -4.603
0.03379 5.00e+09 1.3199672699    1.313  2.681  3.5629  1.079    3  0.000  0.404     0.00     0.00 -1   8.3e-10      0.00 6.421e-01 3.237e-01 4.530e-03 3.266e-03 1.496e-02 -1.000 3.418e-02 -1.932 -1.059 0.160 -2.097 1.762 0.095 -3.700 -4.478 -4.749
0.03379 5.00e+09 1.3200104237    1.313  2.718  3.5592  1.027    3  0.000  0.404     0.00     0.00 -1   9.6e-10      0.00 6.421e-01 3.237e-01 4.530e-03 3.267e-03 1.496e-02 -1.000 3.418e-02 -2.025 -1.098 0.178 -2.156 1.762 0.114 -3.804 -4.588 -4.866
0.03379 5.00e+09 1.3200509548    1.312  2.755  3.5556  0.975    3  0.000  0.404     0.00     0.00 -1  1.11e-09      0.00 6.421e-01 3.237e-01 4.530e-03 3.267e-03 1.496e-02 -1.000 3.418e-02 -2.118 -1.135 0.202 -2.213 1.768 0.139 -3.908 -4.700 -4.983
0.03379 5.00e+09 1.3200888634    1.312  2.792  3.5519  0.924    3  0.000  0.404     0.00     0.00 -1  1.29e-09      0.00 6.421e-01 3.237e-01 4.530e-03 3.267e-03 1.496e-02 -1.000 3.418e-02 -2.209 -1.157 0.260 -2.256 1.794 0.201 -4.013 -4.809 -5.100
0.03379 5.00e+09 1.3201324940    1.311  2.837  3.5472  0.859    3  0.000  0.404     0.00     0.00 -1  1.54e-09      0.00 6.421e-01 3.237e-01 4.530e-03 3.267e-03 1.496e-02 -1.000 3.418e-02 -2.322 -1.181 0.338 -2.307 1.832 0.283 -4.142 -4.945 -5.244
0.03379 5.00e+09 1.3201721907    1.310  2.881  3.5425  0.796    3  0.000  0.404     0.00     0.00 -1  1.83e-09      0.00 6.421e-01 3.237e-01 4.530e-03 3.267e-03 1.496e-02 -1.000 3.418e-02 -2.432 -1.202 0.420 -2.356 1.874 0.368 -4.269 -5.078 -5.386
0.03379 5.00e+09 1.3202091455    1.309  2.925  3.5377  0.733    3  0.000  0.404     0.00     0.00 -1  2.19e-09      0.00 6.421e-01 3.237e-01 4.530e-03 3.267e-03 1.496e-02 -1.000 3.418e-02 -2.542 -1.202 0.539 -2.380 1.944 0.498 -4.394 -5.209 -5.527
0.03379 5.00e+09 1.3202430010    1.308  2.967  3.5329  0.671    3  0.000  0.404     0.00     0.00 -1   2.6e-09      0.00 6.421e-01 3.237e-01 4.529e-03 3.267e-03 1.496e-02 -1.000 3.418e-02 -2.648 -1.198 0.665 -2.399 2.021 0.636 -4.517 -5.338 -5.665
0.03379 5.00e+09 1.3202748299    1.307  3.010  3.5280  0.609    3  0.000  0.404     0.00     0.00 -1  3.09e-09      0.00 6.421e-01 3.237e-01 4.529e-03 3.267e-03 1.496e-02 -1.000 3.418e-02 -2.754 -1.190 0.799 -2.415 2.104 0.782 -4.639 -5.466 -5.804
0.03379 5.00e+09 1.3203041553    1.306  3.052  3.5232  0.547    3  0.000  0.404     0.00     0.00 -1  3.67e-09      0.00 6.421e-01 3.237e-01 4.529e-03 3.267e-03 1.496e-02 -1.000 3.418e-02 -2.859 -1.153 0.969 -2.398 2.217 0.974 -4.758 -5.591 -5.940
0.03379 5.00e+09 1.3203310966    1.304  3.092  3.5184  0.487    3  0.000  0.404     0.00     0.00 -1  4.34e-09      0.00 6.421e-01 3.237e-01 4.529e-03 3.268e-03 1.496e-02 -1.000 3.418e-02 -2.961 -1.111 1.147 -2.377 2.335 1.174 -4.875 -5.714 -6.073
0.03379 5.00e+09 1.3203563690    1.303  3.133  3.5134  0.426    3  0.000  0.404     0.00     0.00 -1  5.13e-09      0.00 6.421e-01 3.237e-01 4.529e-03 3.268e-03 1.496e-02 -1.000 3.418e-02 -3.061 -1.065 1.335 -2.351 2.463 1.385 -4.991 -5.836 -6.205
0.03379 5.00e+09 1.3203798532    1.301  3.172  3.5085  0.366    3  0.000  0.404     0.00     0.00 -1  6.05e-09      0.00 6.421e-01 3.237e-01 4.529e-03 3.268e-03 1.496e-02 -1.000 3.418e-02 -3.161 -1.008 1.519 -2.308 2.596 1.595 -5.104 -5.957 -6.334
0.03379 5.00e+09 1.3204022646    1.299  3.212  3.5034  0.305    3  0.000  0.404     0.00     0.00 -1  7.15e-09      0.00 6.421e-01 3.237e-01 4.529e-03 3.268e-03 1.496e-02 -1.000 3.418e-02 -3.260 -0.944 1.717 -2.258 2.740 1.821 -5.217 -6.077 -6.464
0.03379 5.00e+09 1.3204228878    1.297  3.251  3.4984  0.246    3  0.000  0.404     0.00     0.00 -1  8.42e-09      0.00 6.421e-01 3.237e-01 4.529e-03 3.268e-03 1.496e-02 -1.000 3.418e-02 -3.357 -0.887 1.887 -2.214 2.874 2.016 -5.327 -6.194 -6.591
0.03379 5.00e+09 1.3204421997    1.295  3.289  3.4934  0.187    3  0.000  0.404     0.00     0.00 -1  9.89e-09      0.00 6.421e-01 3.237e-01 4.529e-03 3.268e-03 1.496e-02 -1.000 3.418e-02 -3.452 -0.856 1.982 -2.189 2.978 2.131 -5.434 -6.309 -6.712
0.03379 5.00e+09 1.3204603195    1.292  3.326  3.4883  0.128    3  0.000  0.404     0.00     0.00 -1  1.16e-08      0.00 6.421e-01 3.237e-01 4.529e-03 3.268e-03 1.496e-02 -1.000 3.418e-02 -3.545 -0.816 2.086 -2.156 3.092 2.257 -5.539 -6.423 -6.834
0.03379 5.00e+09 1.3204772472    1.290  3.362  3.4832  0.072    3  0.000  0.404     0.00     0.00 -1  1.36e-08      0.00 6.421e-01 3.237e-01 4.529e-03 3.268e-03 1.496e-02 -1.000 3.418e-02 -3.635 -0.799 2.147 -2.143 3.182 2.332 -5.638 -6.531 -6.948
0.03379 5.00e+09 1.3204981089    1.285  3.404  3.4772  0.004    3  0.000  0.404     0.00     0.00 -1  1.64e-08      0.00 6.421e-01 3.237e-01 4.529e-03 3.268e-03 1.496e-02 -1.000 3.418e-02 -3.741 -0.804 2.172 -2.151 3.265 2.369 -5.755 -6.659 -7.082
0.03379 5.00e+09 1.3204981089    1.285  1.692  3.6533  2.420    4  0.000  0.407     0.00     0.00 -1         0      0.00 6.370e-01 3.286e-01 4.591e-03 3.280e-03 1.502e-02 -1.000 3.437e-02 0.541 0.681 1.284 -0.040 2.567 1.174 -0.987 -1.557 -1.680
0.03379 5.00e+09 1.3207739592    1.286  1.706  3.6521  2.401    4  0.000  0.407     0.00     0.00 -1         0      0.00 6.370e-01 3.286e-01 4.591e-03 3.281e-03 1.502e-02 -1.000 3.437e-02 0.504 0.650 1.257 -0.074 2.547 1.147 -1.027 -1.599 -1.724
0.03379 5.00e+09 1.3210537434    1.286  1.709  3.6521  2.399    4  0.000  0.407     0.00     0.00 -1         0      0.00 6.370e-01 3.286e-01 4.591e-03 3.281e-03 1.502e-02 -1.000 3.437e-02 0.498 0.644 1.251 -0.080 2.542 1.141 -1.033 -1.605 -1.730
0.03379 5.00e+09 1.3213467598    1.286  1.707  3.6525  2.402    4  0.000  0.407     0.00     0.00 -1         0      0.00 6.370e-01 3.286e-01 4.590e-03 3.282e-03 1.502e-02 -1.000 3.437e-02 0.502 0.646 1.251 -0.078 2.540 1.142 -1.028 -1.600 -1.724
0.03379 5.00e+09 1.3216100931    1.287  1.706  3.6528  2.405    4  0.000  0.407     0.00     0.00 -1         0      0.00 6.370e-01 3.286e-01 4.590e-03 3.282e-03 1.502e-02 -1.000 3.438e-02 0.506 0.649 1.253 -0.074 2.540 1.143 -1.023 -1.593 -1.718
0.03379 5.00e+09 1.3218744993    1.287  1.704  3.6532  2.409    4  0.000  0.407     0.00     0.00 -1         0      0.00 6.370e-01 3.286e-01 4.589e-03 3.283e-03 1.502e-02 -1.000 3.438e-02 0.511 0.652 1.255 -0.070 2.540 1.145 -1.017 -1.587 -1.711
0.03379 5.00e+09 1.3221404552    1.287  1.702  3.6535  2.412    4  0.000  0.407     0.00     0.00 -1         0      0.00 6.371e-01 3.286e-01 4.589e-03 3.283e-03 1.502e-02 -1.000 3.438e-02 0.516 0.655 1.257 -0.066 2.540 1.146 -1.012 -1.580 -1.704
0.03379 5.00e+09 1.3224242926    1.288  1.700  3.6539  2.415    4  0.000  0.407     0.00     0.00 -1         0      0.00 6.371e-01 3.286e-01 4.588e-03 3.284e-03 1.502e-02 -1.000 3.438e-02 0.520 0.658 1.258 -0.063 2.539 1.148 -1.007 -1.574 -1.697
0.03379 5.00e+09 1.3227055073    1.288  1.698  3.6542  2.419    4  0.000  0.407     0.00     0.00 -1         0      0.00 6.371e-01 3.286e-01 4.588e-03 3.284e-03 1.502e-02 -1.000 3.438e-02 0.525 0.661 1.260 -0.059 2.539 1.149 -1.001 -1.567 -1.690
0.03379 5.00e+09 1.3229893446    1.288  1.696  3.6546  2.422    4  0.000  0.407     0.00     0.00 -1         0      0.00 6.371e-01 3.285e-01 4.587e-03 3.285e-03 1.502e-02 -1.000 3.438e-02 0.529 0.664 1.262 -0.055 2.539 1.151 -0.996 -1.561 -1.683
0.03379 5.00e+09 1.3232536316    1.289  1.695  3.6549  2.425    4  0.000  0.407     0.00     0.00 -1         0      0.00 6.371e-01 3.285e-01 4.587e-03 3.285e-03 1.502e-02 -1.000 3.438e-02 0.533 0.666 1.263 -0.052 2.538 1.153 -0.991 -1.556 -1.678
0.03379 5.00e+09 1.3235417604    1.289  1.694  3.6552  2.427    4  0.000  0.407     0.00     0.00 -1         0      0.00 6.371e-01 3.285e-01 4.587e-03 3.286e-03 1.502e-02 -1.000 3.438e-02 0.536 0.668 1.265 -0.049 2.538 1.153 -0.987 -1.551 -1.672
0.03379 5.00e+09 1.3238404989    1.289  1.693  3.6555  2.430    4  0.000  0.407     0.00     0.00 -1         0      0.00 6.371e-01 3.285e-01 4.586e-03 3.287e-03 1.502e-02 -1.000 3.438e-02 0.538 0.669 1.265 -0.047 2.537 1.154 -0.984 -1.547 -1.668
0.03379 5.00e+09 1.3241091967    1.290  1.692  3.6557  2.431    4  0.000  0.407     0.00     0.00 -1         0      0.00 6.371e-01 3.285e-01 4.586e-03 3.287e-03 1.502e-02 -1.000 3.438e-02 0.540 0.670 1.265 -0.046 2.535 1.154 -0.982 -1.544 -1.665
0.03379 5.00e+09 1.3242795467    1.290  1.691  3.6559  2.433    4  0.000  0.407     0.00     0.00 -1         0      0.00 6.371e-01 3.285e-01 4.585e-03 3.287e-03 1.502e-02 -1.000 3.438e-02 0.541 0.671 1.265 -0.045 2.535 1.154 -0.980 -1.542 -1.662
0.03379 5.00e+09 1.3243784904    1.290  1.691  3.6559  2.433    4  0.000  0.407     0.00     0.00 -1         0      0.00 6.371e-01 3.285e-01 4.585e-03 3.288e-03 1.502e-02 -1.000 3.438e-02 0.542 0.671 1.265 -0.045 2.534 1.154 -0.980 -1.541 -1.662
0.03379 5.00e+09 1.3246631622    1.290  1.691  3.6561  2.434    4  0.000  0.407     0.00     0.00 -1         0      0.00 6.371e-01 3.285e-01 4.585e-03 3.288e-03 1.502e-02 -1.000 3.438e-02 0.543 0.671 1.265 -0.044 2.533 1.153 -0.978 -1.539 -1.659
0.03379 5.00e+09 1.3249446154    1.291  1.691  3.6563  2.435    4  0.000  0.407     0.00     0.00 -1         0      0.00 6.371e-01 3.285e-01 4.584e-03 3.289e-03 1.502e-02 -1.000 3.438e-02 0.543 0.671 1.264 -0.044 2.531 1.153 -0.977 -1.538 -1.658
0.03379 5.00e+09 1.3252171278    1.291  1.691  3.6564  2.436    4  0.000  0.407     0.00     0.00 -1         0      0.00 6.371e-01 3.285e-01 4.584e-03 3.289e-03 1.502e-02 -1.000 3.438e-02 0.544 0.670 1.263 -0.044 2.529 1.152 -0.977 -1.537 -1.657
0.03379 5.00e+09 1.3254851103    1.291  1.691  3.6566  2.436    4  0.000  0.407     0.00     0.00 -1         0      0.00 6.371e-01 3.285e-01 4.583e-03 3.290e-03 1.502e-02 -1.000 3.438e-02 0.543 0.669 1.262 -0.045 2.527 1.150 -0.977 -1.537 -1.657
0.03379 5.00e+09 1.3257620335    1.292  1.691  3.6566  2.436    4  0.000  0.407     0.00     0.00 -1         0      0.00 6.372e-01 3.285e-01 4.583e-03 3.290e-03 1.502e-02 -1.000 3.438e-02 0.541 0.667 1.260 -0.047 2.525 1.148 -0.978 -1.538 -1.658
0.03379 5.00e+09 1.3260241747    1.292  1.692  3.6567  2.435    4  0.000  0.407     0.00     0.00 -1         0      0.00 6.372e-01 3.285e-01 4.583e-03 3.291e-03 1.502e-02 -1.000 3.438e-02 0.539 0.665 1.257 -0.049 2.522 1.145 -0.981 -1.540 -1.660
0.03379 5.00e+09 1.3262846470    1.292  1.694  3.6567  2.434    4  0.000  0.407     0.00     0.00 -1         0      0.00 6.372e-01 3.285e-01 4.582e-03 3.291e-03 1.502e-02 -1.000 3.438e-02 0.536 0.661 1.254 -0.052 2.519 1.142 -0.984 -1.543 -1.663
0.03379 5.00e+09 1.3265455961    1.292  1.695  3.6566  2.433    4  0.000  0.407     0.00     0.00 -1         0      0.00 6.372e-01 3.284e-01 4.582e-03 3.292e-03 1.502e-02 -1.000 3.438e-02 0.531 0.657 1.250 -0.057 2.515 1.138 -0.988 -1.548 -1.667
0.03379 5.00e+09 1.3268184662    1.293  1.698  3.6565  2.430    4  0.000  0.407     0.00     0.00 -1         0      0.00 6.372e-01 3.284e-01 4.581e-03 3.292e-03 1.502e-02 -1.000 3.438e-02 0.526 0.652 1.245 -0.062 2.511 1.133 -0.994 -1.554 -1.674
0.03379 5.00e+09 1.3270972967    1.293  1.701  3.6564  2.427    4  0.000  0.407     0.00     0.00 -1         0      0.00 6.372e-01 3.284e-01 4.581e-03 3.293e-03 1.502e-02 -1.000 3.438e-02 0.519 0.645 1.239 -0.069 2.506 1.127 -1.002 -1.562 -1.682
0.03379 5.00e+09 1.3273332119    1.293  1.704  3.6562  2.423    4  0.000  0.406     0.00     0.00 -1         0      0.00 6.372e-01 3.284e-01 4.580e-03 3.293e-03 1.502e-02 -1.000 3.438e-02 0.511 0.639 1.232 -0.076 2.501 1.121 -1.010 -1.571 -1.691
0.03379 5.00e+09 1.3274997473    1.293  1.706  3.6560  2.420    4  0.000  0.406     0.00     0.00 -1         0      0.00 6.372e-01 3.284e-01 4.580e-03 3.293e-03 1.502e-02 -1.000 3.438e-02 0.505 0.634 1.228 -0.082 2.498 1.116 -1.016 -1.577 -1.697
0.03379 5.00e+09 1.3277840614    1.294  1.711  3.6557  2.414    4  0.000  0.406     0.00     0.00 -1         0      0.00 6.372e-01 3.284e-01 4.580e-03 3.294e-03 1.502e-02 -1.000 3.438e-02 0.493 0.623 1.218 -0.093 2.490 1.107 -1.029 -1.591 -1.712
0.03379 5.00e+09 1.3280668259    1.294  1.717  3.6553  2.407    4  0.000  0.406     0.00     0.00 -1         0      0.00 6.372e-01 3.284e-01 4.579e-03 3.295e-03 1.502e-02 -1.000 3.438e-02 0.479 0.610 1.207 -0.107 2.482 1.095 -1.045 -1.608 -1.729
0.03379 5.00e+09 1.3283483982    1.294  1.723  3.6547  2.398    4  0.000  0.406     0.00     0.00 -1         0      0.00 6.372e-01 3.284e-01 4.579e-03 3.295e-03 1.502e-02 -1.000 3.438e-02 0.461 0.595 1.193 -0.124 2.472 1.082 -1.064 -1.628 -1.750
0.03379 5.00e+09 1.3286329508    1.295  1.732  3.6541  2.387    4  0.000  0.406     0.00     0.00 -1         0      0.00 6.372e-01 3.284e-01 4.578e-03 3.296e-03 1.502e-02 -1.000 3.438e-02 0.440 0.577 1.177 -0.143 2.460 1.066 -1.086 -1.652 -1.775
0.03379 5.00e+09 1.3289240599    1.295  1.745  3.6530  2.370    4  0.000  0.406     0.00     0.00 -1         0      0.00 6.372e-01 3.284e-01 4.578e-03 3.296e-03 1.502e-02 -1.000 3.438e-02 0.408 0.550 1.154 -0.173 2.444 1.043 -1.121 -1.689 -1.814
0.03379 5.00e+09 1.3292235136    1.295  1.764  3.6514  2.344    4  0.000  0.406     0.00     0.00 -1         0      0.00 6.373e-01 3.284e-01 4.577e-03 3.297e-03 1.502e-02 -1.000 3.438e-02 0.360 0.509 1.118 -0.218 2.419 1.009 -1.174 -1.746 -1.873
0.03379 5.00e+09 1.3295077085    1.296  1.805  3.6480  2.290    4  0.000  0.406     0.00     0.00 -1         0      0.00 6.373e-01 3.284e-01 4.577e-03 3.297e-03 1.502e-02 -1.000 3.438e-02 0.258 0.424 1.046 -0.311 2.369 0.938 -1.283 -1.865 -1.997
0.03379 5.00e+09 1.3296362162    1.296  1.841  3.6449  2.241    4  0.000  0.406     0.00     0.00 -1         0      0.00 6.373e-01 3.284e-01 4.577e-03 3.298e-03 1.502e-02 -1.000 3.438e-02 0.167 0.349 0.981 -0.394 2.324 0.874 -1.382 -1.970 -2.107
0.03379 5.00e+09 1.3297091722    1.296  1.877  3.6419  2.193    4  0.000  0.406     0.00     0.00 -1         0      0.00 6.373e-01 3.284e-01 4.577e-03 3.298e-03 1.502e-02 -1.000 3.438e-02 0.077 0.273 0.916 -0.477 2.280 0.811 -1.480 -2.076 -2.218
0.03379 5.00e+09 1.3297550678    1.296  1.916  3.6386  2.141    4  0.000  0.406     0.00     0.00 -1         0      0.00 6.373e-01 3.284e-01 4.576e-03 3.298e-03 1.502e-02 -1.000 3.438e-02 -0.021 0.192 0.847 -0.566 2.233 0.744 -1.586 -2.189 -2.337
0.03379 5.00e+09 1.3297812939    1.296  1.956  3.6353  2.088    4  0.000  0.406     0.00     0.00 -1         0      0.00 6.373e-01 3.284e-01 4.576e-03 3.298e-03 1.502e-02 -1.000 3.438e-02 -0.119 0.112 0.779 -0.656 2.187 0.678 -1.692 -2.303 -2.456
0.03379 5.00e+09 1.3297958374    1.296  1.995  3.6320  2.036    4  0.000  0.406     0.00     0.00 -1         0      0.00 6.373e-01 3.284e-01 4.576e-03 3.298e-03 1.502e-02 -1.000 3.438e-02 -0.217 0.031 0.712 -0.744 2.142 0.612 -1.798 -2.417 -2.575
0.03379 5.00e+09 1.3298045397    1.296  2.033  3.6288  1.985    4  0.000  0.406     0.00     0.00 -1         0      0.00 6.373e-01 3.284e-01 4.576e-03 3.298e-03 1.502e-02 -1.000 3.438e-02 -0.313 -0.047 0.646 -0.831 2.099 0.548 -1.901 -2.527 -2.691
0.03379 5.00e+09 1.3298103809    1.296  2.071  3.6256  1.934    4  0.000  0.406     0.00     0.00 -1         0      0.00 6.373e-01 3.284e-01 4.576e-03 3.298e-03 1.502e-02 -1.000 3.438e-02 -0.407 -0.124 0.582 -0.916 2.058 0.485 -2.003 -2.637 -2.807
0.03379 5.00e+09 1.3298133612    1.296  2.094  3.6236  1.903    4  0.000  0.406     0.00     0.00 -1         0      0.00 6.373e-01 3.284e-01 4.576e-03 3.298e-03 1.502e-02 -1.000 3.438e-02 -0.465 -0.170 0.546 -0.968 2.033 0.450 -2.066 -2.704 -2.878
0.03379 5.00e+09 1.3298134804    1.296  2.095  3.6236  1.902    7  0.000  0.406     0.00     0.00 -1         0      0.00 6.373e-01 3.284e-01 4.576e-03 3.298e-03 1.502e-02 -1.000 3.438e-02 -0.467 -0.171 0.545 -0.969 2.033 0.449 -2.068 -2.706 -2.880
0.03379 5.00e+09 1.3298147917    1.296  2.108  3.6225  1.885    7  0.000  0.406     0.00     0.00 -1         0      0.00 6.373e-01 3.284e-01 4.576e-03 3.298e-03 1.502e-02 -1.000 3.438e-02 -0.499 -0.196 0.524 -0.997 2.019 0.429 -2.102 -2.743 -2.918
0.03379 5.00e+09 1.3298193216    1.296  2.151  3.6189  1.827    7  0.000  0.406     0.00     0.00 -1         0      0.00 6.373e-01 3.284e-01 4.576e-03 3.298e-03 1.502e-02 -1.000 3.438e-02 -0.608 -0.282 0.455 -1.094 1.973 0.362 -2.220 -2.869 -3.051
0.03379 5.00e+09 1.3298233747    1.296  2.190  3.6156  1.776    7  0.000  0.406     0.00     0.00 -1         0      0.00 6.373e-01 3.284e-01 4.576e-03 3.298e-03 1.502e-02 -1.000 3.438e-02 -0.704 -0.358 0.394 -1.179 1.934 0.303 -2.324 -2.980 -3.168
0.03379 5.00e+09 1.3298274279    1.296  2.227  3.6125  1.726    7  0.000  0.406     0.00     0.00 -1         0      0.00 6.373e-01 3.284e-01 4.576e-03 3.298e-03 1.502e-02 -1.000 3.438e-02 -0.796 -0.431 0.335 -1.261 1.897 0.247 -2.424 -3.087 -3.281
0.03379 5.00e+09 1.3298373222    1.296  2.241  3.6113  1.707    7  0.000  0.406     0.00     0.00 -1         0      0.00 6.373e-01 3.284e-01 4.576e-03 3.298e-03 1.502e-02 -1.000 3.438e-02 -0.832 -0.459 0.314 -1.293 1.882 0.226 -2.463 -3.129 -3.325
0.03379 5.00e+09 1.3298425674    1.296  2.221  3.6130  1.734    7  0.000  0.406     0.00     0.00 -1         0      0.00 6.373e-01 3.284e-01 4.576e-03 3.298e-03 1.502e-02 -1.000 3.438e-02 -0.782 -0.420 0.343 -1.249 1.902 0.255 -2.408 -3.070 -3.263
0.03379 5.00e+09 1.3298504353    1.296  2.182  3.6164  1.786    7  0.000  0.406     0.00     0.00 -1         0      0.00 6.373e-01 3.284e-01 4.576e-03 3.298e-03 1.502e-02 -1.000 3.438e-02 -0.684 -0.343 0.405 -1.162 1.940 0.314 -2.303 -2.957 -3.144
0.03379 5.00e+09 1.3298612833    1.296  2.147  3.6193  1.832    7  0.000  0.406     0.00     0.00 -1         0      0.00 6.373e-01 3.284e-01 4.576e-03 3.298e-03 1.502e-02 -1.000 3.438e-02 -0.599 -0.276 0.459 -1.086 1.975 0.366 -2.210 -2.858 -3.039
0.03379 5.00e+09 1.3298825026    1.296  2.107  3.6227  1.887    7  0.000  0.406     0.00     0.00 -1         0      0.00 6.373e-01 3.284e-01 4.576e-03 3.298e-03 1.502e-02 -1.000 3.438e-02 -0.497 -0.195 0.524 -0.996 2.018 0.429 -2.100 -2.740 -2.915
0.03379 5.00e+09 1.3300389051    1.296  2.085  3.6244  1.915    7  0.000  0.406     0.00     0.00 -1         0      0.00 6.373e-01 3.283e-01 4.576e-03 3.298e-03 1.502e-02 -1.000 3.438e-02 -0.443 -0.153 0.559 -0.948 2.042 0.463 -2.042 -2.678 -2.850
0.03379 5.00e+09 1.3302117586    1.297  2.122  3.6213  1.866    7  0.000  0.406     0.00     0.00 -1         0      0.00 6.373e-01 3.283e-01 4.576e-03 3.299e-03 1.502e-02 -1.000 3.438e-02 -0.536 -0.226 0.500 -1.031 2.003 0.406 -2.142 -2.786 -2.963
0.03379 5.00e+09 1.3303512335    1.297  2.164  3.6178  1.810    7  0.000  0.406     0.00     0.00 -1         0      0.00 6.373e-01 3.283e-01 4.575e-03 3.299e-03 1.502e-02 -1.000 3.438e-02 -0.641 -0.308 0.434 -1.123 1.960 0.342 -2.256 -2.907 -3.091
0.03379 5.00e+09 1.3304648399    1.297  2.206  3.6142  1.753    7  0.000  0.406     0.00     0.00 -1         0      0.00 6.373e-01 3.283e-01 4.575e-03 3.299e-03 1.502e-02 -1.000 3.438e-02 -0.746 -0.391 0.367 -1.216 1.917 0.278 -2.369 -3.028 -3.219
0.03379 5.00e+09 1.3305561543    1.297  2.248  3.6106  1.697    7  0.000  0.406     0.00     0.00 -1         0      0.00 6.373e-01 3.283e-01 4.575e-03 3.299e-03 1.502e-02 -1.000 3.438e-02 -0.850 -0.472 0.305 -1.308 1.876 0.218 -2.483 -3.150 -3.347
0.03379 5.00e+09 1.3306299448    1.297  2.289  3.6070  1.642    7  0.000  0.406     0.00     0.00 -1         0      0.00 6.373e-01 3.283e-01 4.575e-03 3.299e-03 1.502e-02 -1.000 3.438e-02 -0.953 -0.548 0.249 -1.396 1.837 0.164 -2.595 -3.271 -3.474
0.03379 5.00e+09 1.3306916952    1.297  2.330  3.6035  1.587    7  0.000  0.406     0.00     0.00 -1         0      0.00 6.373e-01 3.283e-01 4.575e-03 3.300e-03 1.502e-02 -1.000 3.438e-02 -1.054 -0.622 0.195 -1.482 1.800 0.112 -2.705 -3.390 -3.598
0.03379 5.00e+09 1.3307446241    1.297  2.370  3.5999  1.533    7  0.000  0.406     0.00     0.00 -1         0      0.00 6.373e-01 3.283e-01 4.575e-03 3.300e-03 1.502e-02 -1.000 3.438e-02 -1.154 -0.696 0.141 -1.567 1.765 0.060 -2.814 -3.507 -3.722
0.03379 5.00e+09 1.3307912350    1.297  2.409  3.5964  1.479    7  0.000  0.406     0.00     0.00 -1         0      0.00 6.373e-01 3.283e-01 4.575e-03 3.300e-03 1.502e-02 -1.000 3.438e-02 -1.253 -0.765 0.095 -1.649 1.733 0.017 -2.922 -3.624 -3.844
0.03379 5.00e+09 1.3308333158    1.297  2.448  3.5928  1.426    7  0.000  0.406     0.00     0.00 -1         0      0.00 6.373e-01 3.283e-01 4.575e-03 3.300e-03 1.502e-02 -1.000 3.438e-02 -1.351 -0.830 0.058 -1.728 1.705 -0.018 -3.030 -3.740 -3.966
0.03379 5.00e+09 1.3308718204    1.297  2.487  3.5893  1.373    7  0.000  0.406     0.00     0.00 -1         0      0.00 6.373e-01 3.283e-01 4.575e-03 3.300e-03 1.502e-02 -1.000 3.438e-02 -1.449 -0.894 0.021 -1.806 1.678 -0.053 -3.138 -3.856 -4.088
0.03379 5.00e+09 1.3309073448    1.297  2.526  3.5856  1.319    7  0.000  0.406     0.00     0.00 -1         0      0.00 6.373e-01 3.283e-01 4.575e-03 3.300e-03 1.502e-02 -1.000 3.438e-02 -1.546 -0.958 -0.014 -1.884 1.653 -0.087 -3.245 -3.972 -4.210
0.03379 5.00e+09 1.3309407234    1.297  2.565  3.5819  1.266    7  0.000  0.406     0.00     0.00 -1         0      0.00 6.373e-01 3.283e-01 4.574e-03 3.300e-03 1.502e-02 -1.000 3.438e-02 -1.643 -1.016 -0.037 -1.958 1.633 -0.108 -3.353 -4.088 -4.332
0.03379 5.00e+09 1.3309704065    1.297  2.603  3.5782  1.213    7  0.000  0.406     0.00     0.00 -1         0      0.00 6.373e-01 3.283e-01 4.573e-03 3.300e-03 1.502e-02 -1.000 3.438e-02 -1.737 -1.067 -0.048 -2.027 1.619 -0.118 -3.458 -4.201 -4.450
0.03379 5.00e+09 1.3309978247    1.297  2.640  3.5746  1.161    7  0.000  0.406     0.00     0.00 -1         0      0.00 6.373e-01 3.283e-01 4.572e-03 3.301e-03 1.502e-02 -1.000 3.438e-02 -1.830 -1.118 -0.059 -2.095 1.606 -0.127 -3.562 -4.313 -4.568
0.03379 5.00e+09 1.3310252428    1.297  2.679  3.5706  1.107    7  0.000  0.406     0.00     0.00 -1         0      0.00 6.373e-01 3.283e-01 4.570e-03 3.303e-03 1.502e-02 -1.000 3.438e-02 -1.927 -1.169 -0.069 -2.165 1.595 -0.135 -3.671 -4.430 -4.691
0.03379 5.00e+09 1.3310520649    1.297  2.717  3.5667  1.052    7  0.000  0.405     0.00     0.00 -1         0      0.00 6.373e-01 3.283e-01 4.566e-03 3.307e-03 1.502e-02 -1.000 3.438e-02 -2.024 -1.209 -0.050 -2.226 1.596 -0.116 -3.779 -4.547 -4.814
0.03379 5.00e+09 1.3310775757    1.298  2.756  3.5627  0.998    7  0.000  0.405     0.00     0.00 -1         0      0.00 6.373e-01 3.283e-01 4.559e-03 3.313e-03 1.502e-02 -1.000 3.438e-02 -2.119 -1.246 -0.023 -2.285 1.603 -0.088 -3.888 -4.663 -4.937
0.03379 5.00e+09 1.3310981989    1.298  2.793  3.5587  0.945    7  0.000  0.404     0.00     0.00 -1         0      0.00 6.373e-01 3.283e-01 4.553e-03 3.320e-03 1.502e-02 -1.000 3.438e-02 -2.212 -1.279 0.007 -2.340 1.614 -0.057 -3.993 -4.775 -5.057
0.03379 5.00e+09 1.3311117887    1.298  2.825  3.5551  0.899    7  0.000  0.404     0.00     0.00 -1         0      0.00 6.373e-01 3.283e-01 4.548e-03 3.326e-03 1.502e-02 -1.000 3.438e-02 -2.292 -1.304 0.045 -2.385 1.631 -0.018 -4.086 -4.874 -5.161
0.03379 5.00e+09 1.3311214447    1.298  2.854  3.5518  0.856    7  0.000  0.403     0.00     0.00 -1         0      0.00 6.373e-01 3.283e-01 4.544e-03 3.331e-03 1.502e-02 -1.000 3.438e-02 -2.366 -1.314 0.106 -2.415 1.663 0.046 -4.171 -4.964 -5.257
0.03379 5.00e+09 1.3311295509    1.298  2.884  3.5484  0.813    7  0.000  0.403     0.00     0.00 -1         0      0.00 6.373e-01 3.283e-01 4.540e-03 3.336e-03 1.502e-02 -1.000 3.438e-02 -2.440 -1.325 0.169 -2.444 1.697 0.112 -4.257 -5.054 -5.354
0.03379 5.00e+09 1.3311371803    1.298  2.916  3.5448  0.767    7  0.000  0.403     0.00     0.00 -1         0      0.00 6.373e-01 3.283e-01 4.537e-03 3.340e-03 1.502e-02 -1.000 3.438e-02 -2.519 -1.335 0.239 -2.476 1.734 0.184 -4.348 -5.152 -5.458
0.03379 5.00e+09 1.3311443329    1.298  2.949  3.5409  0.718    7  0.000  0.402     0.00     0.00 -1         0      0.00 6.373e-01 3.283e-01 4.534e-03 3.344e-03 1.502e-02 -1.000 3.438e-02 -2.601 -1.339 0.325 -2.501 1.783 0.275 -4.444 -5.253 -5.566
0.03379 5.00e+09 1.3311505318    1.298  2.979  3.5372  0.673    7  0.000  0.402     0.00     0.00 -1         0      0.00 6.373e-01 3.283e-01 4.531e-03 3.347e-03 1.502e-02 -1.000 3.438e-02 -2.678 -1.330 0.427 -2.510 1.846 0.386 -4.533 -5.346 -5.667
0.03379 5.00e+09 1.3311564922    1.298  3.010  3.5334  0.626    7  0.000  0.402     0.00     0.00 -1         0      0.00 6.373e-01 3.283e-01 4.529e-03 3.349e-03 1.502e-02 -1.000 3.438e-02 -2.756 -1.319 0.535 -2.518 1.914 0.504 -4.623 -5.442 -5.770
0.03379 5.00e+09 1.3311631680    1.298  3.045  3.5292  0.575    7  0.000  0.402     0.00     0.00 -1         0      0.00 6.373e-01 3.283e-01 4.528e-03 3.351e-03 1.502e-02 -1.000 3.438e-02 -2.843 -1.306 0.658 -2.527 1.991 0.636 -4.724 -5.548 -5.886
0.03379 5.00e+09 1.3311699629    1.298  3.081  3.5248  0.522    7  0.000  0.402     0.00     0.00 -1         0      0.00 6.373e-01 3.283e-01 4.526e-03 3.352e-03 1.502e-02 -1.000 3.438e-02 -2.932 -1.273 0.811 -2.512 2.093 0.807 -4.826 -5.656 -6.003
0.03379 5.00e+09 1.3311773539    1.298  3.119  3.5199  0.464    7  0.000  0.402     0.00     0.00 -1         0      0.00 6.373e-01 3.283e-01 4.526e-03 3.354e-03 1.502e-02 -1.000 3.438e-02 -3.026 -1.225 0.996 -2.485 2.217 1.014 -4.936 -5.772 -6.129
0.03379 5.00e+09 1.3311855793    1.298  3.160  3.5147  0.402    7  0.000  0.402     0.00     0.00 -1         0      0.00 6.373e-01 3.283e-01 4.525e-03 3.354e-03 1.502e-02 -1.000 3.438e-02 -3.129 -1.169 1.206 -2.451 2.360 1.248 -5.056 -5.897 -6.266
0.03379 5.00e+09 1.3311940432    1.298  3.199  3.5094  0.342    7  0.000  0.402     0.00     0.00 -1         0      0.00 6.373e-01 3.283e-01 4.525e-03 3.354e-03 1.502e-02 -1.000 3.438e-02 -3.228 -1.104 1.407 -2.402 2.505 1.478 -5.169 -6.019 -6.396
0.03379 5.00e+09 1.3312033415    1.298  3.239  3.5040  0.280    7  0.000  0.402     0.00     0.00 -1         0      0.00 6.373e-01 3.283e-01 4.525e-03 3.354e-03 1.502e-02 -1.000 3.438e-02 -3.328 -1.027 1.628 -2.341 2.666 1.728 -5.284 -6.142 -6.530
0.03379 5.00e+09 1.3312124014    1.298  3.279  3.4985  0.218    7  0.000  0.402     0.00     0.00 -1         0      0.00 6.373e-01 3.283e-01 4.525e-03 3.354e-03 1.502e-02 -1.000 3.438e-02 -3.428 -0.956 1.828 -2.283 2.822 1.957 -5.399 -6.265 -6.663
0.03379 5.00e+09 1.3312177658    1.298  3.282  3.4981  0.213    7  0.000  0.402     0.00     0.00 -1         0      0.00 6.373e-01 3.283e-01 4.525e-03 3.354e-03 1.502e-02 -1.000 3.438e-02 -3.436 -0.954 1.835 -2.282 2.829 1.965 -5.407 -6.274 -6.672
0.03379 5.00e+09 1.3312195539    1.298  3.321  3.4926  0.153    7  0.000  0.402     0.00     0.00 -1         0      0.00 6.373e-01 3.283e-01 4.525e-03 3.354e-03 1.502e-02 -1.000 3.438e-02 -3.532 -0.912 1.945 -2.246 2.949 2.097 -5.516 -6.391 -6.797
0.03379 5.00e+09 1.3312206268    1.298  3.337  3.4902  0.127    7  0.527  0.402     0.00     0.00 -1         0      0.00 6.373e-01 3.283e-01 4.525e-03 3.354e-03 1.502e-02 -1.000 3.438e-02 -3.572 -0.890 1.996 -2.227 3.004 2.159 -5.561 -6.441 -6.851
0.03379 5.00e+09 1.3312207460    1.298  3.337  3.4851  0.107    8  0.527  0.422   143.00    74.74  0 -6.15e-08      0.00 6.373e-01 3.283e-01 4.768e-03 3.358e-03 1.505e-02 -1.000 3.438e-02 -3.572 -0.771 2.161 -2.114 3.175 2.343 -5.572 -6.462 -6.877
0.03379 5.00e+09 1.3312208652    1.298  3.071  3.5213  0.517    8  0.527  0.422    58.94    34.74  1 -2.13e-08      0.00 6.373e-01 3.283e-01 4.768e-03 3.358e-03 1.505e-02 -1.000 3.438e-02 -2.907 -1.145 1.031 -2.399 2.257 1.044 -4.812 -5.648 -6.001
0.03379 5.00e+09 1.3312208652    1.298  2.971  3.5348  0.671    8  0.527  0.422    42.31    26.08  1 -1.51e-08      0.00 6.373e-01 3.283e-01 4.768e-03 3.358e-03 1.505e-02 -1.000 3.438e-02 -2.659 -1.254 0.561 -2.446 1.946 0.527 -4.521 -5.339 -5.663
0.03379 5.00e+09 1.3312211037    1.297  2.801  3.5582  0.935    8  0.527  0.422    23.93    15.94  1 -8.91e-09      0.00 6.373e-01 3.283e-01 4.768e-03 3.358e-03 1.505e-02 -1.000 3.438e-02 -2.232 -1.292 0.002 -2.356 1.608 -0.062 -4.015 -4.798 -5.080
0.03379 5.00e+09 1.3312214613    1.297  2.831  3.5542  0.889    8  0.527  0.422    26.44    17.37  1 -9.72e-09      0.00 6.373e-01 3.283e-01 4.768e-03 3.358e-03 1.505e-02 -1.000 3.438e-02 -2.307 -1.300 0.069 -2.386 1.646 0.007 -4.103 -4.893 -5.182
0.03379 5.00e+09 1.3312219381    1.297  2.957  3.5369  0.694    8  0.527  0.422    40.30    25.01  1 -1.44e-08      0.00 6.373e-01 3.283e-01 4.768e-03 3.358e-03 1.505e-02 -1.000 3.438e-02 -2.622 -1.266 0.498 -2.447 1.905 0.459 -4.478 -5.293 -5.613
0.03379 5.00e+09 1.3312224150    1.296  3.118  3.5146  0.443    8  0.527  0.422    69.17    39.88  1 -2.54e-08      0.00 6.373e-01 3.283e-01 4.768e-03 3.358e-03 1.505e-02 -1.000 3.438e-02 -3.025 -1.065 1.302 -2.346 2.443 1.346 -4.951 -5.795 -6.161
0.03379 5.00e+09 1.3312231302    1.295  3.256  3.4954  0.228    8  0.527  0.422   109.93    59.52  1 -4.37e-08      0.00 6.373e-01 3.283e-01 4.768e-03 3.358e-03 1.505e-02 -1.000 3.438e-02 -3.369 -0.827 1.979 -2.157 2.967 2.120 -5.346 -6.218 -6.618
0.03379 5.00e+09 1.3312238455    1.294  3.349  3.4821  0.082    8  0.528  0.422   150.88    78.24  0 -6.45e-08      0.00 6.373e-01 3.283e-01 4.768e-03 3.358e-03 1.505e-02 -1.000 3.438e-02 -3.603 -0.755 2.189 -2.100 3.228 2.376 -5.608 -6.503 -6.919
0.03379 5.00e+09 1.3312246799    1.293  3.404  3.4741 -0.005    8  0.528  0.422   181.98    91.99  0 -8.15e-08      0.00 6.373e-01 3.283e-01 4.768e-03 3.358e-03 1.505e-02 -1.000 3.438e-02 -3.739 -0.757 2.224 -2.106 3.340 2.426 -5.759 -6.669 -7.093
0.03379 5.00e+09 1.3312256336    1.292  3.436  3.4692 -0.058    8  0.528  0.422   203.78   101.43  0 -9.37e-08      0.00 6.373e-01 3.283e-01 4.768e-03 3.358e-03 1.505e-02 -1.000 3.438e-02 -3.820 -0.773 2.235 -2.124 3.394 2.444 -5.849 -6.767 -7.194
0.03379 5.00e+09 1.3312267065    1.291  3.461  3.4652 -0.100    8  0.528  0.422   222.91   109.59  0 -1.05e-07      0.00 6.373e-01 3.283e-01 4.768e-03 3.358e-03 1.505e-02 -1.000 3.438e-02 -3.883 -0.793 2.240 -2.146 3.429 2.451 -5.919 -6.843 -7.271
0.03379 5.00e+09 1.3312267065    1.291  3.260  3.4943  0.218    8  0.528  0.422   112.25    60.56  1 -4.44e-08      0.00 6.373e-01 3.283e-01 4.768e-03 3.358e-03 1.505e-02 -1.000 3.438e-02 -3.379 -0.810 2.010 -2.141 2.999 2.155 -5.358 -6.233 -6.633
0.03379 5.00e+09 1.3312268257    1.291  3.099  3.5175  0.472    8  0.528  0.422    64.91    37.72  1 -2.38e-08      0.00 6.373e-01 3.283e-01 4.768e-03 3.358e-03 1.505e-02 -1.000 3.438e-02 -2.976 -1.102 1.183 -2.371 2.361 1.213 -4.893 -5.734 -6.094
0.03379 5.00e+09 1.3312269449    1.290  2.924  3.5426  0.747    8  0.529  0.422    35.90    22.60  1 -1.32e-08      0.00 6.373e-01 3.283e-01 4.768e-03 3.358e-03 1.505e-02 -1.000 3.438e-02 -2.541 -1.316 0.306 -2.468 1.779 0.253 -4.377 -5.184 -5.494
0.03379 5.00e+09 1.3312271833    1.290  2.949  3.5390  0.708    8  0.529  0.422    39.06    24.31  1 -1.43e-08      0.00 6.373e-01 3.283e-01 4.768e-03 3.358e-03 1.505e-02 -1.000 3.438e-02 -2.603 -1.297 0.413 -2.467 1.848 0.368 -4.451 -5.263 -5.579
0.03379 5.00e+09 1.3312275410    1.289  3.067  3.5219  0.521    8  0.529  0.422    58.46    34.45  1 -2.13e-08      0.00 6.373e-01 3.283e-01 4.768e-03 3.358e-03 1.505e-02 -1.000 3.438e-02 -2.898 -1.155 1.003 -2.406 2.239 1.013 -4.801 -5.636 -5.988
0.03379 5.00e+09 1.3312278986    1.289  3.219  3.5000  0.281    8  0.529  0.422    97.95    53.82  1 -3.77e-08      0.00 6.373e-01 3.283e-01 4.768e-03 3.358e-03 1.505e-02 -1.000 3.438e-02 -3.277 -0.847 1.903 -2.171 2.882 2.026 -5.243 -6.108 -6.501
0.03379 5.00e+09 1.3312283754    1.288  3.345  3.4816  0.081    8  0.529  0.422   150.89    78.17  0 -6.34e-08      0.00 6.373e-01 3.283e-01 4.768e-03 3.358e-03 1.505e-02 -1.000 3.438e-02 -3.593 -0.738 2.207 -2.082 3.250 2.395 -5.599 -6.495 -6.911
0.03379 5.00e+09 1.3312289715    1.287  3.426  3.4697 -0.048    8  0.529  0.422   199.22    99.39  0 -8.98e-08      0.00 6.373e-01 3.283e-01 4.768e-03 3.358e-03 1.505e-02 -1.000 3.438e-02 -3.795 -0.755 2.249 -2.105 3.402 2.457 -5.823 -6.740 -7.167
0.03379 5.00e+09 1.3312295675    1.286  3.467  3.4636 -0.113    8  0.529  0.422   229.56   112.32  0 -1.07e-07      0.00 6.373e-01 3.283e-01 4.768e-03 3.358e-03 1.505e-02 -1.000 3.438e-02 -3.897 -0.790 2.252 -2.143 3.452 2.464 -5.936 -6.863 -7.291
0.03379 5.00e+09 1.3312302828    1.284  3.484  3.4609 -0.142    8  0.530  0.422   244.06   118.41  0 -1.16e-07      0.00 6.373e-01 3.283e-01 4.768e-03 3.358e-03 1.505e-02 -1.000 3.438e-02 -3.940 -0.803 2.255 -2.157 3.477 2.469 -5.984 -6.915 -7.344
0.03379 5.00e+09 1.3312311172    1.283  3.493  3.4594 -0.157    8  0.530  0.422   251.95   121.68  0  -1.2e-07      0.00 6.373e-01 3.283e-01 4.768e-03 3.358e-03 1.505e-02 -1.000 3.438e-02 -3.962 -0.808 2.258 -2.163 3.492 2.474 -6.007 -6.941 -7.371
0.03379 5.00e+09 1.3312311172    1.283  3.295  3.4883  0.156    8  0.530  0.422   128.26    67.89  1 -5.16e-08      0.00 6.373e-01 3.283e-01 4.768e-03 3.358e-03 1.505e-02 -1.000 3.438e-02 -3.468 -0.746 2.147 -2.085 3.146 2.317 -5.461 -6.346 -6.754
0.03379 5.00e+09 1.3312312365    1.283  3.135  3.5117  0.410    8  0.530  0.422    74.16    42.27  1 -2.74e-08      0.00 6.373e-01 3.283e-01 4.768e-03 3.358e-03 1.505e-02 -1.000 3.438e-02 -3.067 -1.017 1.426 -2.307 2.535 1.485 -5.001 -5.849 -6.221
0.03379 5.00e+09 1.3312314749    1.282  2.961  3.5371  0.685    8  0.530  0.422    40.95    25.30  1  -1.5e-08      0.00 6.373e-01 3.283e-01 4.768e-03 3.358e-03 1.505e-02 -1.000 3.438e-02 -2.632 -1.282 0.477 -2.462 1.890 0.437 -4.487 -5.302 -5.622
0.03379 5.00e+09 1.3312317133    1.281  2.986  3.5334  0.646    8  0.530  0.422    44.62    27.25  1 -1.62e-08      0.00 6.373e-01 3.283e-01 4.768e-03 3.358e-03 1.505e-02 -1.000 3.438e-02 -2.695 -1.257 0.595 -2.456 1.967 0.564 -4.562 -5.381 -5.709
0.03379 5.00e+09 1.3312320709    1.281  3.104  3.5161  0.458    8  0.530  0.422    66.83    38.63  1 -2.45e-08      0.00 6.373e-01 3.283e-01 4.768e-03 3.358e-03 1.505e-02 -1.000 3.438e-02 -2.989 -1.073 1.251 -2.348 2.411 1.288 -4.910 -5.752 -6.116
0.03379 5.00e+09 1.3312324286    1.279  3.254  3.4939  0.219    8  0.530  0.422   112.03    60.36  1 -4.37e-08      0.00 6.373e-01 3.283e-01 4.768e-03 3.358e-03 1.505e-02 -1.000 3.438e-02 -3.365 -0.788 2.035 -2.119 3.024 2.182 -5.345 -6.220 -6.621
0.03379 5.00e+09 1.3312329054    1.278  3.380  3.4753  0.018    8  0.531  0.422   172.81    87.78  0 -7.38e-08      0.00 6.373e-01 3.283e-01 4.768e-03 3.358e-03 1.505e-02 -1.000 3.438e-02 -3.680 -0.720 2.252 -2.068 3.354 2.452 -5.697 -6.605 -7.027
0.03379 5.00e+09 1.3312335014    1.276  3.461  3.4631 -0.112    8  0.531  0.422   228.71   111.82  0 -1.05e-07      0.00 6.373e-01 3.283e-01 4.768e-03 3.358e-03 1.505e-02 -1.000 3.438e-02 -3.882 -0.771 2.272 -2.124 3.473 2.484 -5.921 -6.849 -7.276
0.03379 5.00e+09 1.3312342167    1.275  3.502  3.4568 -0.180    8  0.531  0.422   264.45   126.74  0 -1.26e-07      0.00 6.373e-01 3.283e-01 4.768e-03 3.358e-03 1.505e-02 -1.000 3.438e-02 -3.985 -0.807 2.278 -2.164 3.525 2.495 -6.035 -6.973 -7.403
0.03379 5.00e+09 1.3312349319    1.273  3.520  3.4538 -0.210    8  0.531  0.422   282.37   134.10  0 -1.37e-07      0.00 6.373e-01 3.283e-01 4.768e-03 3.358e-03 1.505e-02 -1.000 3.438e-02 -4.030 -0.829 2.286 -2.188 3.540 2.503 -6.085 -7.027 -7.456
0.03379 5.00e+09 1.3312357664    1.270  3.530  3.4521 -0.227    8  0.532  0.422   292.98   138.40  0 -1.43e-07      0.00 6.373e-01 3.283e-01 4.768e-03 3.358e-03 1.505e-02 -1.000 3.438e-02 -4.054 -0.839 2.293 -2.199 3.551 2.510 -6.111 -7.055 -7.484
0.03379 5.00e+09 1.3312357664    1.270  3.337  3.4807  0.080    8  0.532  0.422   151.02    78.04  0 -6.18e-08      0.00 6.373e-01 3.283e-01 4.768e-03 3.358e-03 1.505e-02 -1.000 3.438e-02 -3.572 -0.705 2.241 -2.050 3.290 2.431 -5.580 -6.478 -6.894
0.03379 5.00e+09 1.3312358856    1.270  3.177  3.5044  0.334    8  0.532  0.422    87.18    48.53  1 -3.24e-08      0.00 6.373e-01 3.283e-01 4.768e-03 3.358e-03 1.505e-02 -1.000 3.438e-02 -3.172 -0.889 1.740 -2.201 2.769 1.838 -5.126 -5.985 -6.370
0.03379 5.00e+09 1.3312361240    1.269  3.003  3.5303  0.612    8  0.532  0.422    47.93    28.94  1 -1.73e-08      0.00 6.373e-01 3.283e-01 4.768e-03 3.358e-03 1.505e-02 -1.000 3.438e-02 -2.737 -1.226 0.708 -2.440 2.045 0.684 -4.615 -5.438 -5.772
0.03379 5.00e+09 1.3312363625    1.268  3.027  3.5266  0.573    8  0.532  0.422    52.14    31.11  1 -1.88e-08      0.00 6.373e-01 3.283e-01 4.768e-03 3.358e-03 1.505e-02 -1.000 3.438e-02 -2.797 -1.193 0.836 -2.425 2.131 0.825 -4.686 -5.515 -5.856
0.03379 5.00e+09 1.3312367201    1.267  3.143  3.5093  0.387    8  0.532  0.422    77.78    43.96  1 -2.85e-08      0.00 6.373e-01 3.283e-01 4.768e-03 3.358e-03 1.505e-02 -1.000 3.438e-02 -3.087 -0.961 1.541 -2.259 2.624 1.613 -5.028 -5.879 -6.255
0.03379 5.00e+09 1.3312370777    1.265  3.290  3.4871  0.150    8  0.532  0.422   129.68    68.37  1 -5.12e-08      0.00 6.373e-01 3.283e-01 4.768e-03 3.358e-03 1.505e-02 -1.000 3.438e-02 -3.456 -0.705 2.199 -2.046 3.199 2.375 -5.451 -6.339 -6.749
0.03379 5.00e+09 1.3312376738    1.263  3.414  3.4685 -0.048    8  0.532  0.422   198.92    98.93  0 -8.62e-08      0.00 6.373e-01 3.283e-01 4.768e-03 3.358e-03 1.505e-02 -1.000 3.438e-02 -3.764 -0.714 2.293 -2.065 3.451 2.502 -5.794 -6.713 -7.139
0.03379 5.00e+09 1.3312382698    1.260  3.492  3.4565 -0.176    8  0.533  0.422   261.83   125.42  0 -1.22e-07      0.00 6.373e-01 3.283e-01 4.768e-03 3.358e-03 1.505e-02 -1.000 3.438e-02 -3.961 -0.783 2.304 -2.139 3.549 2.520 -6.011 -6.949 -7.378
0.03379 5.00e+09 1.3312388659    1.258  3.531  3.4503 -0.241    8  0.533  0.422   301.11   141.48  0 -1.45e-07      0.00 6.373e-01 3.283e-01 4.768e-03 3.358e-03 1.505e-02 -1.000 3.438e-02 -4.059 -0.831 2.317 -2.192 3.578 2.534 -6.119 -7.065 -7.494
0.03379 5.00e+09 1.3312397003    1.255  3.547  3.4475 -0.269    8  0.533  0.422   319.75   148.96  0 -1.56e-07      0.00 6.373e-01 3.283e-01 4.768e-03 3.358e-03 1.505e-02 -1.000 3.438e-02 -4.099 -0.849 2.327 -2.212 3.595 2.545 -6.163 -7.113 -7.541
0.03379 5.00e+09 1.3312405348    1.251  3.555  3.4460 -0.283    8  0.534  0.422   329.81   152.93  0 -1.62e-07      0.00 6.373e-01 3.283e-01 4.768e-03 3.358e-03 1.505e-02 -1.000 3.438e-02 -4.117 -0.855 2.336 -2.219 3.607 2.554 -6.183 -7.136 -7.564
0.03379 5.00e+09 1.3312405348    1.251  3.368  3.4744  0.017    8  0.534  0.422   172.53    87.34  0 -7.14e-08      0.00 6.373e-01 3.283e-01 4.768e-03 3.358e-03 1.505e-02 -1.000 3.438e-02 -3.649 -0.677 2.297 -2.024 3.405 2.499 -5.668 -6.578 -7.000
0.03379 5.00e+09 1.3312406540    1.250  3.209  3.4984  0.272    8  0.534  0.422    99.57    54.30  1 -3.73e-08      0.00 6.373e-01 3.283e-01 4.768e-03 3.358e-03 1.505e-02 -1.000 3.438e-02 -3.251 -0.784 1.983 -2.110 2.963 2.112 -5.221 -6.089 -6.484
0.03379 5.00e+09 1.3312408924    1.248  3.035  3.5246  0.550    8  0.534  0.422    54.62    32.31  1 -1.96e-08      0.00 6.373e-01 3.283e-01 4.768e-03 3.358e-03 1.505e-02 -1.000 3.438e-02 -2.817 -1.152 0.932 -2.392 2.202 0.930 -4.712 -5.543 -5.889
0.03379 5.00e+09 1.3312411308    1.246  3.059  3.5208  0.510    8  0.534  0.422    59.52    34.78  1 -2.14e-08      0.00 6.373e-01 3.283e-01 4.768e-03 3.358e-03 1.505e-02 -1.000 3.438e-02 -2.877 -1.100 1.089 -2.356 2.310 1.104 -4.783 -5.619 -5.973
0.03379 5.00e+09 1.3312414885    1.243  3.173  3.5032  0.324    8  0.534  0.422    88.83    49.15  1 -3.26e-08      0.00 6.373e-01 3.283e-01 4.768e-03 3.358e-03 1.505e-02 -1.000 3.438e-02 -3.162 -0.841 1.820 -2.155 2.834 1.925 -5.120 -5.981 -6.367
0.03379 5.00e+09 1.3312419653    1.239  3.319  3.4807  0.087    8  0.534  0.422   148.13    76.44  0 -5.87e-08      0.00 6.373e-01 3.283e-01 4.768e-03 3.358e-03 1.505e-02 -1.000 3.438e-02 -3.527 -0.662 2.282 -2.007 3.328 2.471 -5.535 -6.433 -6.849
0.03379 5.00e+09 1.3312425613    1.234  3.440  3.4617 -0.112    8  0.534  0.422   227.50   110.70  0  -9.9e-08      0.00 6.373e-01 3.283e-01 4.768e-03 3.358e-03 1.505e-02 -1.000 3.438e-02 -3.831 -0.709 2.338 -2.062 3.545 2.551 -5.873 -6.803 -7.229
0.03379 5.00e+09 1.3312431574    1.229  3.518  3.4494 -0.241    8  0.535  0.422   300.23   140.60  0  -1.4e-07      0.00 6.373e-01 3.283e-01 4.768e-03 3.358e-03 1.505e-02 -1.000 3.438e-02 -4.025 -0.792 2.363 -2.154 3.622 2.580 -6.087 -7.034 -7.461
0.03379 5.00e+09 1.3312438726    1.222  3.557  3.4428 -0.308    8  0.535  0.422   346.64   159.07  0 -1.89e-07      0.00 6.373e-01 3.283e-01 4.768e-03 3.358e-03 1.505e-02 -1.000 3.438e-02 -4.121 -0.837 2.386 -2.203 3.658 2.604 -6.192 -7.150 -7.576
0.03379 5.00e+09 1.3312447071    1.215  3.572  3.4397 -0.339    8  0.535  0.422   369.98   168.13  0 -3.06e-07      0.00 6.373e-01 3.283e-01 4.768e-03 3.358e-03 1.505e-02 -1.000 3.438e-02 -4.160 -0.858 2.404 -2.226 3.673 2.621 -6.235 -7.196 -7.623
0.03379 5.00e+09 1.3312456608    1.208  3.579  3.4378 -0.356    8  0.536  0.422   383.89   173.41  0 -4.01e-07      0.00 6.373e-01 3.283e-01 4.768e-03 3.358e-03 1.505e-02 -1.000 3.438e-02 -4.178 -0.864 2.420 -2.234 3.687 2.636 -6.255 -7.219 -7.646
0.03379 5.00e+09 1.3312456608    1.207  3.399  3.4657 -0.064    8  0.536  0.422   204.22   100.48  0 -8.44e-08      0.00 6.373e-01 3.283e-01 4.768e-03 3.358e-03 1.505e-02 -1.000 3.438e-02 -3.726 -0.650 2.371 -2.001 3.545 2.582 -5.761 -6.684 -7.109
0.03379 5.00e+09 1.3312457800    1.206  3.240  3.4901  0.191    8  0.536  0.422   117.75    62.41  1 -4.38e-08      0.00 6.373e-01 3.283e-01 4.768e-03 3.358e-03 1.505e-02 -1.000 3.438e-02 -3.331 -0.660 2.204 -1.997 3.196 2.367 -5.320 -6.202 -6.607
0.03379 5.00e+09 1.3312460184    1.203  3.067  3.5169  0.471    8  0.536  0.422    64.37    37.02  1 -2.27e-08      0.00 6.373e-01 3.283e-01 4.768e-03 3.358e-03 1.505e-02 -1.000 3.438e-02 -2.897 -1.005 1.295 -2.277 2.465 1.329 -4.816 -5.657 -6.019
0.03379 5.00e+09 1.3312462568    1.199  3.091  3.5130  0.430    8  0.536  0.422    70.25    39.90  1 -2.49e-08      0.00 6.373e-01 3.283e-01 4.768e-03 3.358e-03 1.505e-02 -1.000 3.438e-02 -2.956 -0.946 1.462 -2.233 2.583 1.515 -4.887 -5.733 -6.103
0.03379 5.00e+09 1.3312466145    1.194  3.203  3.4951  0.244    8  0.536  0.422   104.87    56.38  1 -3.82e-08      0.00 6.373e-01 3.283e-01 4.768e-03 3.358e-03 1.505e-02 -1.000 3.438e-02 -3.238 -0.693 2.110 -2.023 3.094 2.252 -5.215 -6.089 -6.487
0.03379 5.00e+09 1.3312470913    1.188  3.347  3.4723  0.007    8  0.537  0.422   174.87    87.64  0 -6.91e-08      0.00 6.373e-01 3.283e-01 4.768e-03 3.358e-03 1.505e-02 -1.000 3.438e-02 -3.597 -0.594 2.386 -1.942 3.510 2.591 -5.620 -6.534 -6.958
0.03379 5.00e+09 1.3312476873    1.181  3.467  3.4529 -0.193    8  0.537  0.422   268.86   126.98  0 -1.16e-07      0.00 6.373e-01 3.283e-01 4.768e-03 3.358e-03 1.505e-02 -1.000 3.438e-02 -3.897 -0.696 2.420 -2.055 3.665 2.636 -5.953 -6.895 -7.322
0.03379 5.00e+09 1.3312482834    1.172  3.543  3.4402 -0.323    8  0.537  0.422   355.71   161.55  0 -2.37e-07      0.00 6.373e-01 3.283e-01 4.768e-03 3.358e-03 1.505e-02 -1.000 3.438e-02 -4.087 -0.791 2.461 -2.158 3.727 2.678 -6.161 -7.121 -7.547
0.03379 5.00e+09 1.3312489986    1.162  3.581  3.4333 -0.392    8  0.538  0.422   412.26   183.27  0  -6.8e-07      0.00 6.373e-01 3.283e-01 4.768e-03 3.358e-03 1.505e-02 -1.000 3.438e-02 -4.182 -0.844 2.492 -2.216 3.751 2.707 -6.264 -7.233 -7.660
0.03379 5.00e+09 1.3312498331    1.151  3.596  3.4299 -0.425    8  0.538  0.422   442.22   194.41  0  -1.1e-06      0.00 6.373e-01 3.283e-01 4.768e-03 3.358e-03 1.505e-02 -1.000 3.438e-02 -4.220 -0.862 2.514 -2.236 3.770 2.728 -6.306 -7.280 -7.707
0.03379 5.00e+09 1.3312507868    1.140  3.603  3.4276 -0.446    8  0.538  0.422   461.48   201.34  0 -1.47e-06      0.00 6.373e-01 3.283e-01 4.768e-03 3.358e-03 1.505e-02 -1.000 3.438e-02 -4.237 -0.874 2.513 -2.249 3.786 2.727 -6.324 -7.298 -7.730
0.03379 5.00e+09 1.3312507868    1.139  3.429  3.4554 -0.161    8  0.539  0.422   249.71   118.39  0 -1.03e-07      0.00 6.373e-01 3.283e-01 4.768e-03 3.358e-03 1.505e-02 -1.000 3.438e-02 -3.803 -0.623 2.466 -1.980 3.703 2.682 -5.855 -6.794 -7.220
0.03379 5.00e+09 1.3312509060    1.136  3.272  3.4804  0.095    8  0.539  0.422   143.68    73.39  0 -5.34e-08      0.00 6.373e-01 3.283e-01 4.768e-03 3.358e-03 1.505e-02 -1.000 3.438e-02 -3.410 -0.543 2.398 -1.888 3.445 2.589 -5.418 -6.317 -6.732
0.03379 5.00e+09 1.3312511444    1.131  3.099  3.5079  0.377    8  0.539  0.422    78.18    43.34  1 -2.73e-08      0.00 6.373e-01 3.283e-01 4.768e-03 3.358e-03 1.505e-02 -1.000 3.438e-02 -2.976 -0.807 1.729 -2.108 2.796 1.809 -4.921 -5.775 -6.153
0.03379 5.00e+09 1.3312513828    1.124  3.122  3.5038  0.334    8  0.539  0.422    85.59    46.81  1    -3e-08      0.00 6.373e-01 3.283e-01 4.768e-03 3.358e-03 1.505e-02 -1.000 3.438e-02 -3.035 -0.733 1.910 -2.046 2.931 2.012 -4.990 -5.851 -6.236
0.03379 5.00e+09 1.3312518597    1.116  3.233  3.4855  0.147    8  0.539  0.422   128.18    66.28  0 -4.66e-08      0.00 6.373e-01 3.283e-01 4.768e-03 3.358e-03 1.505e-02 -1.000 3.438e-02 -3.312 -0.526 2.391 -1.868 3.393 2.572 -5.311 -6.201 -6.612
0.03379 5.00e+09 1.3312523365    1.105  3.374  3.4619 -0.093    8  0.539  0.422   214.51   103.26  0 -8.46e-08      0.00 6.373e-01 3.283e-01 4.768e-03 3.358e-03 1.505e-02 -1.000 3.438e-02 -3.664 -0.549 2.492 -1.902 3.691 2.705 -5.705 -6.635 -7.060
0.03379 5.00e+09 1.3312529325    1.092  3.491  3.4419 -0.295    8  0.540  0.422   331.50   150.11  0 -1.49e-07      0.00 6.373e-01 3.283e-01 4.768e-03 3.358e-03 1.505e-02 -1.000 3.438e-02 -3.958 -0.675 2.553 -2.041 3.815 2.770 -6.030 -6.988 -7.412
0.03379 5.00e+09 1.3312535286    1.077  3.565  3.4285 -0.429    8  0.540  0.422   441.55   191.82  0 -1.14e-06      0.00 6.373e-01 3.283e-01 4.768e-03 3.358e-03 1.505e-02 -1.000 3.438e-02 -4.144 -0.785 2.596 -2.159 3.859 2.810 -6.230 -7.203 -7.633
0.03379 5.00e+09 1.3312543631    1.060  3.602  3.4211 -0.502    8  0.540  0.422   516.04   218.82  0  -3.1e-06      0.00 6.373e-01 3.283e-01 4.768e-03 3.358e-03 1.505e-02 -1.000 3.438e-02 -4.235 -0.859 2.555 -2.235 3.867 2.768 -6.324 -7.298 -7.743
0.03379 5.00e+09 1.3312551975    1.042  3.617  3.4171 -0.540    8  0.541  0.422   559.00   233.64  0 -5.07e-06      0.00 6.373e-01 3.283e-01 4.768e-03 3.358e-03 1.505e-02 -1.000 3.438e-02 -4.271 -0.889 2.538 -2.266 3.868 2.750 -6.362 -7.336 -7.787
0.03379 5.00e+09 1.3312561512    1.022  3.623  3.4142 -0.567    8  0.541  0.422   589.99   243.79  0 -5.71e-06      0.00 6.373e-01 3.283e-01 4.768e-03 3.358e-03 1.505e-02 -1.000 3.438e-02 -4.287 -1.578 1.666 -2.468 2.752 2.043 -6.060 -7.142 -7.593
0.03379 5.00e+09 1.3312561512    1.020  3.456  3.4422 -0.289    8  0.541  0.422   323.98   145.16  0 -1.35e-07      0.00 6.373e-01 3.283e-01 4.768e-03 3.358e-03 1.505e-02 -1.000 3.438e-02 -3.871 -0.591 2.632 -1.957 3.893 2.849 -5.943 -6.900 -7.324
0.03379 5.00e+09 1.3312562704    1.016  3.301  3.4687 -0.029    8  0.541  0.422   184.77    89.25  0 -6.99e-08      0.00 6.373e-01 3.283e-01 4.768e-03 3.358e-03 1.505e-02 -1.000 3.438e-02 -3.481 -0.438 2.563 -1.788 3.713 2.771 -5.510 -6.429 -6.854
0.03379 5.00e+09 1.3312565088    1.008  3.128  3.4985  0.260    8  0.542  0.422    99.03    51.97  0 -3.58e-08      0.00 6.373e-01 3.283e-01 4.768e-03 3.358e-03 1.505e-02 -1.000 3.438e-02 -3.049 -0.583 2.187 -1.909 3.170 2.316 -5.019 -5.886 -6.282
0.03379 5.00e+09 1.3312567472    0.997  3.151  3.4957  0.221    8  0.542  0.422   107.66    55.73  0 -4.02e-08      0.00 6.373e-01 3.283e-01 4.768e-03 3.358e-03 1.505e-02 -1.000 3.438e-02 -3.107 -0.570 2.237 -1.900 3.227 2.377 -5.084 -5.955 -6.355
0.03379 5.00e+09 1.3312572241    0.983  3.260  3.4786  0.037    8  0.542  0.422   159.80    78.16  0 -6.45e-08      0.00 6.373e-01 3.283e-01 4.768e-03 3.358e-03 1.505e-02 -1.000 3.438e-02 -3.381 -0.472 2.491 -1.819 3.565 2.685 -5.392 -6.294 -6.714
0.03379 5.00e+09 1.3312577009    0.966  3.399  3.4567 -0.197    8  0.542  0.422   264.26   120.22  0 -1.21e-07      0.00 6.373e-01 3.283e-01 4.768e-03 3.358e-03 1.505e-02 -1.000 3.438e-02 -3.727 -0.544 2.547 -1.901 3.801 2.764 -5.778 -6.716 -7.147
0.03379 5.00e+09 1.3312582970    0.945  3.515  3.4389 -0.394    8  0.543  0.422   402.61   172.09  0 -6.52e-07      0.00 6.373e-01 3.283e-01 4.768e-03 3.358e-03 1.505e-02 -1.000 3.438e-02 -4.016 -0.694 2.590 -2.064 3.879 2.808 -6.092 -7.055 -7.488
0.03379 5.00e+09 1.3312588930    0.922  3.588  3.4284 -0.520    8  0.543  0.422   527.44   215.94  0  -3.7e-06      0.00 6.373e-01 3.283e-01 4.768e-03 3.358e-03 1.505e-02 -1.000 3.438e-02 -4.200 -0.816 2.589 -2.192 3.888 2.803 -6.286 -7.263 -7.703
0.03379 5.00e+09 1.3312597275    0.896  3.624  3.4244 -0.585    8  0.543  0.422   605.01   241.22  0 -5.73e-06      0.00 6.373e-01 3.283e-01 4.768e-03 3.358e-03 1.505e-02 -1.000 3.438e-02 -4.291 -0.896 2.530 -2.273 3.860 2.744 -6.380 -7.358 -7.807
0.03379 5.00e+09 1.3312605619    0.867  3.639  3.4244 -0.613    8  0.544  0.422   642.09   251.52  0 -5.93e-06      0.00 6.373e-01 3.283e-01 4.768e-03 3.358e-03 1.505e-02 -1.000 3.438e-02 -4.328 -0.927 2.506 -2.304 3.844 2.720 -6.417 -7.396 -7.848
0.03379 5.00e+09 1.3312615156    0.837  3.646  3.4261 -0.629    8  0.544  0.422   662.76   255.48  0 -6.02e-06      0.00 6.373e-01 3.283e-01 4.768e-03 3.358e-03 1.505e-02 -1.000 3.438e-02 -4.345 -0.940 2.495 -2.318 3.838 2.710 -6.434 -7.414 -7.867
0.03379 5.00e+09 1.3312615156    0.835  3.487  3.4545 -0.358    8  0.544  0.422   369.04   153.90  0 -3.67e-07      0.00 6.373e-01 3.283e-01 4.768e-03 3.358e-03 1.505e-02 -1.000 3.438e-02 -3.948 -0.709 2.445 -2.069 3.759 2.664 -6.005 -6.945 -7.391
0.03379 5.00e+09 1.3312616348    0.830  3.333  3.4833 -0.091    8  0.545  0.422   207.48    93.35  0 -1.36e-07      0.00 6.373e-01 3.283e-01 4.768e-03 3.358e-03 1.505e-02 -1.000 3.438e-02 -3.562 -0.692 2.313 -2.039 3.392 2.501 -5.570 -6.456 -6.885
0.03379 5.00e+09 1.3312618732    0.821  3.161  3.5164  0.209    8  0.545  0.422   108.57    53.12  0 -7.17e-08      0.00 6.373e-01 3.283e-01 4.768e-03 3.358e-03 1.505e-02 -1.000 3.438e-02 -3.132 -1.226 1.142 -2.504 2.387 1.171 -5.058 -5.887 -6.261
0.03379 5.00e+09 1.3312621117    0.808  3.184  3.5165  0.179    8  0.545  0.422   115.83    55.84  0 -8.36e-08      0.00 6.373e-01 3.283e-01 4.768e-03 3.358e-03 1.505e-02 -1.000 3.438e-02 -3.191 -1.287 1.085 -2.565 2.342 1.114 -5.117 -5.944 -6.319
0.03379 5.00e+09 1.3312625885    0.791  3.292  3.5029  0.008    8  0.545  0.422   167.63    76.24  0 -1.39e-07      0.00 6.373e-01 3.283e-01 4.768e-03 3.358e-03 1.505e-02 -1.000 3.438e-02 -3.461 -1.097 1.669 -2.420 2.762 1.770 -5.425 -6.272 -6.677
0.03379 5.00e+09 1.3312630653    0.771  3.429  3.4855 -0.210    8  0.545  0.422   268.30   113.23  0 -2.72e-07      0.00 6.373e-01 3.283e-01 4.768e-03 3.358e-03 1.505e-02 -1.000 3.438e-02 -3.804 -0.946 2.104 -2.295 3.198 2.290 -5.813 -6.688 -7.123
0.03379 5.00e+09 1.3312636614    0.747  3.544  3.4734 -0.387    8  0.546  0.422   393.10   155.24  0 -5.48e-07      0.00 6.373e-01 3.283e-01 4.768e-03 3.358e-03 1.505e-02 -1.000 3.438e-02 -4.090 -1.008 2.100 -2.364 3.345 2.312 -6.123 -7.021 -7.477
0.03379 5.00e+09 1.3312642574    0.720  3.617  3.4698 -0.490    8  0.546  0.422   492.58   185.04  0 -2.28e-06      0.00 6.373e-01 3.283e-01 4.768e-03 3.358e-03 1.505e-02 -1.000 3.438e-02 -4.272 -1.124 2.021 -2.483 3.325 2.239 -6.314 -7.218 -7.683
0.03379 5.00e+09 1.3312650919    0.691  3.654  3.4739 -0.529    8  0.546  0.422   538.38   194.65  0  -3.7e-06      0.00 6.373e-01 3.283e-01 4.768e-03 3.358e-03 1.505e-02 -1.000 3.438e-02 -4.365 -1.260 1.896 -2.619 3.182 2.110 -6.403 -7.295 -7.760
0.03379 5.00e+09 1.3312659264    0.659  3.670  3.4831 -0.528    8  0.547  0.422   543.58   189.19  0 -3.61e-06      0.00 6.373e-01 3.283e-01 4.768e-03 3.358e-03 1.505e-02 -1.000 3.438e-02 -4.405 -1.455 1.713 -2.812 2.914 1.910 -6.432 -7.296 -7.752
0.03379 5.00e+09 1.3312668800    0.625  3.678  3.4951 -0.512    8  0.548  0.422   535.46   176.62  0 -2.85e-06      0.00 6.373e-01 3.283e-01 4.768e-03 3.358e-03 1.505e-02 -1.000 3.438e-02 -4.426 -1.791 1.292 -3.138 2.470 1.438 -6.433 -7.265 -7.702
0.03379 5.00e+09 1.3312668800    0.625  3.527  3.5226 -0.251    8  0.548  0.422   305.05   108.48  0  -9.2e-07      0.00 6.373e-01 3.283e-01 4.768e-03 3.358e-03 1.505e-02 -1.000 3.438e-02 -4.048 -2.340 -0.046 -3.603 1.454 -0.053 -5.975 -6.764 -7.143
0.03379 5.00e+09 1.3312668800    0.623  3.373  3.5512  0.016    8  0.548  0.422   171.73    65.79  0 -4.93e-07      0.00 6.373e-01 3.283e-01 4.768e-03 3.358e-03 1.505e-02 -1.000 3.438e-02 -3.663 -2.623 -1.145 -3.735 0.712 -1.206 -5.491 -6.239 -6.565
0.03379 5.00e+09 1.3312669992    0.620  3.201  3.5839  0.318    8  0.548  0.422    89.85    37.35  0  -2.6e-07      0.00 6.373e-01 3.283e-01 4.768e-03 3.358e-03 1.505e-02 -1.000 3.438e-02 -3.232 -2.637 -1.651 -3.580 0.318 -1.719 -4.963 -5.638 -5.914
0.03379 5.00e+09 1.3312671185    0.616  3.223  3.5824  0.287    8  0.548  0.422    96.47    39.34  0 -2.91e-07      0.00 6.373e-01 3.283e-01 4.768e-03 3.358e-03 1.505e-02 -1.000 3.438e-02 -3.287 -2.674 -1.670 -3.625 0.304 -1.738 -5.023 -5.701 -5.979
0.03379 5.00e+09 1.3312672377    0.611  3.327  3.5667  0.115    8  0.548  0.422   140.46    53.73  0 -4.51e-07      0.00 6.373e-01 3.283e-01 4.768e-03 3.358e-03 1.505e-02 -1.000 3.438e-02 -3.549 -2.751 -1.559 -3.776 0.416 -1.619 -5.330 -6.043 -6.347
0.03379 5.00e+09 1.3312674761    0.604  3.460  3.5467 -0.102    8  0.548  0.422   226.48    79.73  0 -8.11e-07      0.00 6.373e-01 3.283e-01 4.768e-03 3.358e-03 1.505e-02 -1.000 3.438e-02 -3.881 -2.758 -1.159 -3.898 0.679 -1.218 -5.728 -6.478 -6.814
0.03379 5.00e+09 1.3312675953    0.596  3.571  3.5315 -0.279    8  0.548  0.422   335.66   109.29  0 -1.37e-06      0.00 6.373e-01 3.283e-01 4.768e-03 3.358e-03 1.505e-02 -1.000 3.438e-02 -4.157 -2.702 -0.667 -3.926 0.997 -0.706 -6.059 -6.830 -7.194
0.03379 5.00e+09 1.3312678337    0.587  3.640  3.5244 -0.384    8  0.548  0.422   428.04   130.26  0 -1.98e-06      0.00 6.373e-01 3.283e-01 4.768e-03 3.358e-03 1.505e-02 -1.000 3.438e-02 -4.331 -2.684 -0.413 -3.943 1.162 -0.429 -6.260 -7.037 -7.416
0.03379 5.00e+09 1.3312681913    0.577  3.674  3.5246 -0.425    8  0.548  0.422   480.31   136.72  0 -2.48e-06      0.00 6.373e-01 3.283e-01 4.768e-03 3.358e-03 1.505e-02 -1.000 3.438e-02 -4.415 -2.775 -0.499 -4.034 1.092 -0.516 -6.346 -7.120 -7.500
0.03379 5.00e+09 1.3312684298    0.566  3.687  3.5293 -0.427    8  0.548  0.422   506.57   131.36  0 -2.86e-06      0.00 6.373e-01 3.283e-01 4.768e-03 3.358e-03 1.505e-02 -1.000 3.438e-02 -4.447 -2.946 -0.817 -4.185 0.860 -0.853 -6.365 -7.129 -7.501
0.03379 5.00e+09 1.3312687874    0.554  3.692  3.5363 -0.414    8  0.549  0.422   558.95   115.34  0 -3.23e-06      0.00 6.373e-01 3.283e-01 4.768e-03 3.358e-03 1.505e-02 -1.000 3.438e-02 -4.460 -3.123 -1.200 -4.327 0.591 -1.247 -6.355 -7.107 -7.467
0.03379 5.00e+09 1.3312706947    0.554 -9.999  4.0734  1.996    9  0.554  0.001     0.00     0.00 -1         0      0.00 6.373e-01 3.283e-01 4.768e-03 3.358e-03 1.505e-02 -1.000 3.438e-02 29.767 30.313 30.252 30.377 30.186 30.353 30.505 30.560 30.585
#isochrone terminated
